24331100199999 6619271 1.0000 1 11996123119961999999999999999999999999999999999992212  37500002109999 99999  42040002109999 99999 19 68  0 13  0 27 60  0 13  014410050010 30  0  0  0  3  0  0  3  2  0  24  0  13  0  73  399999999999999999999999999999999222112188888882222211211212299999219999999999999999
24331100299999 2164342 1.7317 1 11996123119961999999999999999999999999999999999992221  19577421888888888888  21605861888888888888 25 40  0  2 33 25 40  0  2 33 44 9300010 15  1  1  0  2  0  0  0 10  0  41  1   0  0  70  2 25002 23702  48002  43202  1302121122188888882222211111212299999111888888888888888
24331100399999 1338444 8.435910 11995 93019963999999999999999999999999999999999992222   7777212109999 99999   8004032109999 99999 29  5  5 14 47 36  5  5 17 37196 7800010  6  0  1  0  1  0  0  0  2  0  15  0   0  0  26  0999999999999999999999999999999992121121888888822212111121122  502112221111111111111
24331100499999 2703093 4.3256 1 11996123119961999999999999999999999999999999999992221  26330122101995 91996  29210192101996 91995 20 33  0 22 25 18 31  0 24 27 4810672010 20  0  3  0  3  1  0  4 11  0  33  0   0  0  71  5 23941 17681 114351 105231   8311222222221111122222111112112 1002222111111111111221
2433110059999926113271 1.0000 1 11996123119961999999999999999999999999999999999992112 279762482 71994 61995 300200932 71995 61996  0 92  0  8  0  0 90  0 10  0 96 9199810230  0  6  0 44  0 56  0 56  0 295  0  62  0 750  0211001158061 106881  82391  52311212212122111122222211112122 4341122211121111111121
24331100699999 7678731 1.0000 1 11996123119961999999999999999999999999999999999992122 145466882 79999 69999 134021622 79999 69999  0 56  0  9 34  0 63  0 10 26  2 9200010 82  1 10  0 15  0 69 17 19  0 212 10   0  0 408 28 34391 3124199999999999999  37211221222222111222222112112222  961122112212122112121
24331100799999 1251423 4.3256 1 119961231199619999999999999999999999999999999999922229999999999999999999999  11250952991996991997999999999999999999999999999999 52 7740010 14  0  0  0  0  0  0  0  0  0  17  0   0  0  32  099999999999999999999999999999999211121212111112211211111211299999122111111121111111
24331100899999 2537103 4.3256 1 11996123119966999999999999999999999999999999999992211   6600001888888888888   7720001888888888888  0 95  0  5  0  0 95  0  5  0 36 8068810  2 17  0  0  3  0  0  0  1  0   1  8   0  0   8 25 35002 30002  95002  75002  22021221211888888822222111122122 1502111888888888888888
24331100999999 3616171 1.0000 1 11996123119962999999999999999999999999999999999992222  28030471888888888888  29999901888888888888  0 68  0 32  0  0 65  0 35  0 72 7900010 37  1  2  0 11  0  6  0 11  0  29  0 106  0 203  1 50002 46002 600002 550002  30021211222121111122222111112122 1911212222222111111111
24331101099999  803124 8.4359 1 1199612311996499999999999999999999999999999999999221299999999999999999999999999999999999999999999999999999999999999999999999999 72 7600010  2  4  0  0  3  0  0  0  0  0   5  0   0  0  11  4  9902  900299999999999999   182111112188888882222211212212999999212111111111111211
24331101199999  89829517.6207 1 11996123119965999999999999999999999999999999999992122   2804002999999999999   3035332999999999999  0100  0  0  0  0100  0  0  0 48 6317910  5  0  0  0  0  0  0  0  0  0   9  0   0  0  15  099999999999999999999999999999999211122188888882121211112111188888211888888888888888
24331101299999 1484484 8.4359 1 11996123119962999999999999999999999999999999999992222   7189781888888888888   6687441888888888888  0 95  0  5  0  0 95  0  5  0 18 3500010 12  0  3  0  1  0  0  3  9  0  11  0   0  0  37  3  8002  6002  50002  27502    911121211888888822222111112122  102111888888888888888
2433110139999913281391 1.0000 7 11996 63019971999999999999999999999999999999999992221 249755482 71995 61996 262295102 71996 61997999999999999999  2 83  0  9  6 2414507410108  0 21  0 16  0  0  3 62  0  92  0   0  0 300  3 86061 5198199999999999999  15411212222121111122222212122122  121222221222122121111
24331101499999 8814901 1.0000 1 11996123119961999999999999999999999999999999999992121 248000002 71995 61996 256000002 71996 61997 72 15  0 13  0 75 13  0 12  013912573610 88  2  7  0  0  0  0 10 23  0 158  0   0  0 277 12999999 359919999999   1561  26411221212121111122222111112122   61221888888888888888
24331101599999  26947517.6207 1 11996123119961999999999999999999999999999999999992121   3600002999999999999   3800002999999999999  0 70  0 30  0  0 75  0 25  0 96 5640010  3  0  2  0  2  0  0  0  2  0   4  0   0  0  14  0  3001  2761  21001  19711   461112121188888882221211111211999999119999999999999999
24331101699999 7512721 1.0000 1 119961231199619999999999999999999999999999999999922219999999999999999999999 265830002991995991996999999999999999  0 42  0  4 5418010900010105  0  8  0  2  0  5  0 75  0 247  0   0  0 443  0110002999999 2500029999999  25911211211888888818888888888882  191112122122122111111
24331101799999 6227291 1.0000 1 11996123119961999999999999999999999999999999999992221 114512222 71995 61996 118049382 71996 61997 17 45  0 38  0 17 44  0 39  017411947810 75  0  3  0  1  0  4  0 17  0  54  0   0  0 155  099999999999999999999999999999999222222222221112222211112112299999112111111111111121
24331101899999 1133513 4.3256 1 11996123119961999999999999999999999999999999999992221  16926512 79999 69999  25050792 79999 69999 60 28  0 12  0 52 30  0 18  0 24 7898410 18  0  0  0  0  0  0  0  8  0  16  0  55  0  98  099999999999999999999999999   5611111112121111122222111112122  122211888888888888888
24331101999999  552614 8.4359 1 11996123119961999999999999999999999999999999999992221  11985782991995991996  10690462991996991997  0 85  0 13  3  0 75  0 15 10123 9272510  8  0  3  0  2  1  0  0  3  1   5  0   0  0  22  2999999999999999999999999999999992221221888888821212111112112   41111888888888888888
2433110209999991277511 1.0000 1 119961231199619999999999999999999999999999999999922222554492602 71994 619952551764752 71995 61996 29 36  0  2 33 32 34  0  3 32 4812932910855 22 41  0 54  0 30 19197  8 683 28108716029482375081914742711004041 988241 220111222222221111122222111121122 7002222221121121111111
24331102199999  15869633.8825 1 11996123119961999999999999999999999999999999999992221   2974992 71995 61996   2931242 71996 61997999999999 18999999999999 21999 30 6400010  3  2  0  0  1  0  1  0  0  0   2  0   0  0   8  2999999999999999999999999999999992121121888888818888888888882  902111888888888888888
24331102299999   9693633.8825 1 11996123119961999999999999999999999999999999999992222   2300002 79999 69999   2500002 79999 69999999999999999999999999999999999 27 5600010  1  0  1  0  1  0  1  0  1  0   6  0   0  0  12  0999999999999999999999999999999992111111888888818888888888882   22112211211211111111
2433110239999926368881 1.0000 1 11996123119961999999999999999999999999999999999992221 362041492 71995 61996 431609832 71996 61997 83  4  0  9  5 80  3  0 11  599912621410194  4 26  0  2  0 40  0 96  0 284  3 191  0 834  7999999999999999999999999999999992221221888888821222222211222  932112212222112112111
24331102499999 2132273 4.3256 1 11996123119961999999999999999999999999999999999992121  49441952 71995 61996  71448422 71996 61997  0 81  0 16  3  0 87  0 11  2 24 9367910 23  0  2  0  4  1  1  0  5  0  20  2   1  0  57  3 15801 10292  50071  33912   3911222222221111118888888888882   11111888888888888888
2433110259999914174251 1.0000 1 11996123119961999999999999999999999999999999999992221 428000002 79999 69999 477000002 79999 69999 35 33  0 33  0 40 24  0 36  016812650010117  0 17  0 18  0  0  0 51  0 348  0  27  0 579  0 73411 71441 222501 196501  18211221211888888822222112112222  252222121111111111111
2433110269999911172751 1.0000 1 11996123119961999999999999999999999999999999999992221 455807602 71994 61995 469235482 71995 61996 17 34  0  6 43 17 35  0  6 42 2412389210152 14  0  0 16  3  9  3 50  6 266 28  83  3 577 57146621114901 514231 364191  38311222222221111121222111122122 1501122222122122111111
2433110279999915983581 1.0000 1 11996123119961999999999999999999999999999999999992221 430000002999999999999 450000002999999999999 25 40  0 35  0999999999999999 2413000010170  0 40  0  0  0  0  0 32  0 416  0 134  0 793  0300002285002 800002 750002  3501122222188888882222211111121299999222111111121111111
2433110289999926554631 1.0000 1 11996123119961999999999999999999999999999999999992222 707271782 71995 61996 778848352 71996 61997 34 17  0 10 39 33 21  0  7 39 2412577810268  0  0  0  7  0 27  0182  0 757  0  12  01254  015136114629199999999999999  7891122122222121112222222121122299999112122122122111111
24331102999999 7353151 1.0000 7 11996 63019971999999999999999999999999999999999992121  87822492 71994 61995  98805062 71995 61996  7  0 93  0  0  7  0 93  0  0 1213151810167  0  1  0 10  0 27  0 44  0  27  0   0  0 277  099999999999999999999999999  10011222212121111122122111121122  102212211111111111111
24331103099999 5333921 1.0000 1 119961231199619999999999999999999999999999999999999999999999999999999999999999999999999999999999999999999999999999999999999999999999999910 59  0  3  0  6  0  2  0 15  0  49  0 159  0 294  099999999999999999999999999999999299999999999999999999999999999999999999999999999999
24331103199999 6869091 1.0000 1 11996123119961999999999999999999999999999999999992121 107777542 71995 61996 111847622 71996 61997  1 89  0  4  6  4 87  0  5  516812848110 45  3  3  0  2  0  2  0 10  0  35  1   8  0 106  499999999999999999999999999999999222222222112112222211111112299999119999999999999999
24331103299999 3855732 1.7317 1 11996123119961999999999999999999999999999999999992122  78454062 79999 69999  86436602 79999 69999  2 73  0  5 20 30 44  0  7 1917711104810 41  0  2  0  7  1  0  0 25  1  34  2   2  0 112  4 20471 14601 1633819999999   5511221221888888821222121122122  202222221221121121111
2433110339999915996041 1.0000 7 11996 63019971999999999999999999999999999999999992221 271000002999999999999 298000002 79999 69999  0 93  0  7  0  0 92  0  8  0 7212600010159  0  8  0  0  0 32  0 84  0 100  0   0  0 384  0999999999999999999999999999999992122222111112122222211112222  182122111121121111111
24331103499999 2378213 4.3256 1 11996123119961999999999999999999999999999999999992121  82996982999999999999  89245122999999999999  0 39  0 27 34  0 31  0 27 4221811783210 35  0  7  0  6  1  0  0 13  0  66  1   2  3 130  5999999999999999999999999999999992222221888888822222111212122   51212221221221121111
24331103599999 4208722 1.7317 1 11996123119961999999999999999999999999999999999992121  67558082 79999 69999  72553852 79999 69999  0 92  0  8  0  0 89  0 11  0 2411431210 35  0  3  0  1  0  0  7 12  0  28  2   2  0  82  9 28501999999 1621819999999   791122122212121112222222222212299999122222222111111111
24331103699999  54108517.6207 1 11996123119961999999999999999999999999999999999992221   8512402 71995 61996   9494502 71996 61997 42 53  0  5  0 47 49  0  4  0 30 6700010  6  0  1  0  2  0  1  0  5  0   6  0   0  0  22  0  6502  6002  160029999999   3021111111888888818888888888882   61212221221221111111
24331103799999  13418633.8825 1 119961231199619999999999999999999999999999999999922219999999999999999999999  10593062 71995 61996999999999999999  0 38  0 62  0153 6100010  3  1  1  0  0  0  0  0  1  1  13  0   0  0  19  299999999999999999999999999    811111211888888818888888888882   62112221222222111111
24331103899999 3499222 1.7317 1 11996123119961999999999999999999999999999999999992221 157587562 61995 71996 183407152 61996 71997  0 29  0 71  0  0 28  0 72  0 5111000010 56  0  2  0  2  0  1  3 37  0  27  0 171 10 297 1399999999999999999999999999  17611222212221221121222111112112   72112121121121121121
24331103999999 7147332 1.7317 1 11996123119961999999999999999999999999999999999992121 295264002 79999 69999 332552002 79999 69999 27 29  0  4 40 35 27  0  4 3322212550010 95  0 46  0 12  1  0  0 45  0 207  1  90  1 496  3 10211  9371 172502 157502  15211222222221111121212111111122  161212211111111111111
24331104099999 1499253 4.3256 1 11996123119961999999999999999999999999999999999992222  75000002999999999999  80000002999999999999  0 35  0 65  0  0 35  0 65  0151 9600010 29  0  0  0  0  2  0  0  9  0  81  0   0  0 120  2 34002 30002  84002  76002   2021222222221112122212111112112  202112221221111111111
24331104199999 4962532 1.7317 1 11996123119962999999999999999999999999999999999992211  72000002999999999999  79000002999999999999  1 95  0  4  0  1 90  0  9  0 4810000010 50  0  5  0 15  4  3  5 16  3  40  0   5  0 135 12 30001 28001  50001  48001  10011221222221122122122111122122  321212221121112111111
24331104299999 4978401 1.0000 1 11996123119961999999999999999999999999999999999992111  95200001888888888888 102445001888888888888  0  0  0  0100  0  0  0  0100 4210203610 60  2  1  0 14  0 12  0 23  0  37  0  18  0 166  2 45191 40951 155711 132002  14311222222111112122222111121222  671112221221111111111
24331104399999 2232464 8.4359 1 11996123119962999999999999999999999999999999999992212  21000001888888888888  22000001888888888888  2 95  0  3  0  2 95  0  3  0288 9700010 14  1  1  0  5  0  0  0  3  0  22  1   0  0  46  2 23551 18842  72251  65032   3011221222221112122222211122122  251211888888888888888
24331104499999 1312173 4.3256 1 11996123119961999999999999999999999999999999999992212  17390631888888888888  17544551888888888888  2 83  0  5  0  2 83  0  5  0192 7286810 19  0  3  0  3  0  0  0  6  0  21  0   0  0  53  0 16131 13081 113001  97181   281122111211111212212211111211299999222111221221111111
24331104599999 5884691 1.0000 1 11996123119964999999999999999999999999999999999992221  68521971888888888888  76309571888888888888  1 85  0 13  0  1 85  0 14  0336 9392610 48  1  3  0 15  0 16  6 11  0  64  9  10  0 168 1699999999999999999999999999   5911221222221112122222211112122  451212222222111111111
24331104699999 8437111 1.0000 1 1199612311996899999999999999999999999999999999999221199999999999999999999999999999999999999999999999999999999999999999999999999 41 8900010 44  0  0  0  0  0  0  0 15  0  14  2   0  0  74  2999999999999999999999999999999992111222121121122222111122112  322212221121112111121
24331104799999 4406541 1.0000 1 1199612311996899999999999999999999999999999999999221299999999999999999999999999999999999999999999999999999999999999999999999999144 9600010 30  0  0  0  1  0  0  0 14  0  11  0   0  0  57  0999999999999999999999999999999992111221888888822222111112122  121111888888888888888
24331104899999 2507352 1.7317 1 11996123119968999999999999999999999999999999999992211  14903212 71995 61996  15945292 71996 61997 99  0  0  1  0 97  0  0  3  0 24 9600010 14  0  0  0  1  0  0  0  6  0   4  1   0  0  26  1 17902999999  732129999999   1221111122221122118888888888882  152219999999999999999
24331104999999 7248421 1.0000 1 11996123119963999999999999999999999999999999999992222 155000002 71994 61995 160000002 71995 61996 80  0  0 20  0 80  0  0 20  0 31 8930010 60  0  1  0 18  0 31  0 25  0  88  1  60  0 284  199999999999999999999999999999999222222222222112222222212111299999212211111111111111
24331105099999 5432131 1.0000 1 119961231199619999999999999999999999999999999999999999999999999999999999999999999999999999999999999999999999999999999999999999999999999910137  0 15  0  6  0 13  0  0  0  67  0   0  0 239  099999999999999999999999999999999299999999999999999999999999999999999999999999999999
24331105199999 5869481 1.0000 1 11996123119964999999999999999999999999999999999992212  75728612 79999 69999  78111612 79999 69999100  0  0  0  0100  0  0  0  032510775810 50  2  2  0  6  0  0  0 12  0 102  0   0  0 173  2 76672 75682 173572 128532  24421221222111211122222111112112 3602222211211122111111
24331105299999 3075582 1.7317 1 11996123119966999999999999999999999999999999999992211  50871642 79999 69999  55697512 79999 69999 95  5  0  0  0 96  4  0  0  014410770010 32  1  1  0  7  0  0  0 10  0  37  0   0  0  88  1 61361 36591 1261419999999  15711222222222221122222111112112 1591222222222111111111
24331105399999 9021301 1.0000 1 11996123119963999999999999999999999999999999999992211 143469482 79999 69999 149911872 79999 69999 84  0  0  7  9 85  0  0  6  9 5410462010 70  1 22  0  6  1 23  0 29  0 110  0  28  0 289  2 87381 56061 421791 302261  24111221222211111229922222112122 1561222121211212111111
24331105499999 6833022 1.7317 1 11996123119965999999999999999999999999999999999992211  60000002 79999 69999  65000002 79999 69999 94  5  0  1  0 94  5  0  1  0 9610700010 65  0  1  0 10  0  4  0  9  0  85  0   0  0 175  099999999999999999999999999  1261122122222121112122211111211299999129999999999999999
2433110559999911804431 1.0000 1 11996123119962999999999999999999999999999999999992112 163729512 79999 69999 172770102 79999 69999 97  4  0  0  0 97  3  0  0  0 4812000010135  0  0  0  1  0  4  0 24  0 205  0   0  0 370  0105971 99541 265591 251801  38411222222222221122222111112122 6001122221221111111111
24331105699999 6326711 1.0000 1 11996123119964999999999999999999999999999999999992111  92064332 79999 69999  98326172 79999 69999999999999999999 94  6  0  0  0 4810462010 69  0  3  0  7  0  0  0 19  0 106  0   0  0 205  099999999999999999999999999999999211111188888882122211111211299999291888888888888888
24331105799999 8947921 1.0000 1 11996123119962999999999999999999999999999999999992211 116030292 71994 61995 124049822 71995 61996 86 10  0  4  0 87 10  0  3  0 9612024010 97  0 15  0 10  0  8  0 16  0 115  0   0  0 262  0142411116411 233881 166441  39811221222121221122222111112112 4031112121121121111111
24331105899999 5359201 1.0000 1 11996123119963999999999999999999999999999999999992121  79958752 71995 61996  84176242 71996 61997 88 12  0  0  0 89 11  0  0  014499999910 64  0  1  0  6  0  0  3 12  0  72  4   5  0 161  7101841 91961 420941 370431  1931112122222222122211211111212299999121888888888888888
2433110599999920761751 1.0000 1 11996123119961999999999999999999999999999999999992121 311807142 71995 61996 324119752 71996 61997 97  1  0  1  1 97  1  0  1  1 4511043210228 11 15  1 45  0 30  3 25  0 322 10   0  0 666 25270481224891 590191 330931  8001122222222122112221211111121211751222121221121111111
24331106099999 5540561 1.0000 1 11996123119963999999999999999999999999999999999992112  73000002999999999999  69000002999999999999100  0  0  0  0100  0  0  0  0 9910700010 64  0 12  0  7  0  0  0  4  0  72  0   0  0 160  0 50002 45002 150002 120002  14021221222222211122222121122122  502222221121111111111
24331106199999 8975221 1.0000 1 11996123119961999999999999999999999999999999999992211 146914422 71995 61996 156552352 71996 61997 83 16  0  1  0 83 16  0  1  0 4810775810111  0 17  0 38  1  8  0 10  0 146 16   0  0 331 17124661102081 208201 150621  36311112112221221121222111112112 7491222121121121111111
24331106299999 2522953 4.3256 1 11996123119966999999999999999999999999999999999992212  39493552 71995 61996  40970502 71996 61997 89 11  0  0  0 89 11  0  0  020410775810 26  4  2  0  2  0  1  0 10  0  36  0   0  0  78  4 64181 57181 267471 247141  20211111222211221122222221112112 1241222121111211111111
24331106399999 9928401 1.0000 1 11996123119961999999999999999999999999999999999992111  99000002 79999 69999 101000002 79999 69999 90 10  0  0  0 90 10  0  0  0 4810800010 95  2  0  0 14  0 10  0 12  0 126  0   0  0 258  2 77002 72502 2700029999999  22611222222221121122222111121212 6242222221221121111111
2433110649999914382281 1.0000 1 11996123119961999999999999999999999999999999999992112 189807582 71995 61996 199830642 71996 61997 91  9  0  0  0 91  9  0  0  024012024010168  0  2  0  4  0  6  0 20  0 204  0   0  0 405  0 96721 69081 175831 149391  53711221222221121122222111111222 6651222121121121121111
24331106599999 7898661 1.0000 1 11996123119962999999999999999999999999999999999992112  97163482 79999 69999 110864392 79999 69999 83 13  0  4  0 81 12  0  7  014910775810 87  0  3  0 17  0 11  0 10  0 113  6   0  0 242  6 50691 44351 161431 120261  23111221222211121222222122122222 1581122111121111111111
24331106699999 7362861 1.0000 6231997123119975999999999999999999999999999999999992211  98839962 71995 61996 100405732 71996 61997 84 15  0  1  0 89 10  0  0  035310775810 72  0  0  0  4  0  3  0 22  0  94  0   0  0 196  0999999999999999999999999999999992222222221211122222111122112 1501222121121121111111
24331106799999 1020163 4.3256 1 11996123119962999999999999999999999999999999999992211   3250002 79999 69999   3500002 79999 69999 40 60  0  0  0 40 60  0  0  0 73 7000010  6  0  2  0  0  0  1  0  3  0   6  1   0  0  19  1999999999999999999999999999999992111211888888822122111112112   11121888888888888888
24331106899999 7183361 1.0000 1 11996123119961999999999999999999999999999999999991121  66023101888888888888  68186971888888888888 12 88  0  0  0 15 85  0  0  038411602210 63  0  2  0  1  0  0  0 29  0  37  0   4  0 137  0 71401 5396199999999999999   931122122188888882222222211211299999119999999999999999
24331106999999 1619873 4.3256 1 11996123119965999999999999999999999999999999999992211   4460002999999999999   4700002999999999999  0 95  0  5  0  0 95  0  5  0348 7600010 11  0  0  0  2  0  0  0  2  0   8  0   0  0  24  099999999999999999999999999999999212111212111112222111111211299999221888888888888888
24331107099999 2469692 1.7317 1 11996123119965999999999999999999999999999999999992221   8420842 71995 61996   9950502 71996 61997 47 53  0  0  0 40 60  0  0  0 58 6051010 10  0  0  0  4  0  0  0  2  0   9  0   0  0  26  099999999999999999999999999999999222122222111112222211111211299999111888888888888888
24331107199999  965813 4.3256 1 11996123119961999999999999999999999999999999999992221   6577682 79999 69999   7022652 79999 69999  0 93  0  7  0  0 93  0  7  0 96 8200010  9  0  0  0  2  0  0  0  3  0  12  0   0  0  27  0 26301 16471 101981  77221   861122122222111112222211112211188888112211211111111111
24331107299999  929394 8.4359 1 11996123119965999999999999999999999999999999999991121   4360002 79999 69999   4510002 79999 69999 75 20  0  5  0 75 20  0  5  0169 7600010  4  0  0  0  1  0  0  0  1  0   4  1   0  0  11  1999999  720199999999999999   2611211221888888822222111112112  102111888888888888888
24331107399999 1260494 8.4359 1 11996123119962999999999999999999999999999999999992211   5029332 79999 69999   5294042 79999 69999999999999999999999999999999999 39 5500010 11  1  0  0  2  0  0  2  3  0   4  1   0  0  21  4 14001 13001   5001   4001   5011111222121111122212111112112  101121888888888888888
24331107499999 8717661 1.0000 1 11996123119961999999999999999999999999999999999992211 145746642 71994 61995 141339412 71995 61996 11 83  0  5  0 14 79  0  8  0 96 9000010108  0  7  0 22  0 13  0 23  0  81  0   0  0 255  0 35631 17591 116681  38641  40411222211888888822122111211122  121222211222112111111
24331107599999   3126633.8825 1 11996123119961999999999999999999999999999999999992212    412152109999 99999    480002109999 99999  0100  0  0  0  0100  0  0  0  3 2250001  0  0  0  0  0  0  0  0  0  0   0  2   0  0   0  399999999999999999999999999    22212112188888881888888888888299999111888888888888888
24331107699999   7988633.8825 1 119961231199619999999999999999999999999999999999922229999999999999999999999    208252101995101996999999999999999999999999999999  6 3968510  1  0  0  0  0  1  0  0  0  0   1  1   0  0   3  2  1052   722   4532   4002    011111111888888822121111112112   11211888888888888888
2433110779999950965401 1.0000 1 11996123119961999999999999999999999999999999999992222 723405562121994111995 737532252121995111996  0 97  0  3  0  0 97  0  3  0  111212410741 44192  2 50  0 22  0129  0 516 62   0  0165110867829299999919000029999999  49121222221888888822222211122112 3972112211211111111111
24331107899999  611544 8.4359 1 11996123119961999999999999999999999999999999999992212   3950002121994111995   4050002121995111996  1 98  0  1  0  1 98  0  1  0 47 9680010  7  0  0  0  1  0  0  3  0  0   6  0   0  0  15  3  6301  6001   9401   8901   551111121212111112992212111211188888211888888888888888
24331107999999 5829833 4.3256 1 11996123119961999999999999999999999999999999999992222  42722982129999119999  43510592129999119999  0 79  0 21  0  0 82  0 18  0 84 9683710 40  0 11  0  9  0  2  0  5  0  29  2   0  4  97  6999999999999999999999999999999992211212221111122222111112122  102112121121111111111
24331108099999  40597633.8825 1 11996123119961999999999999999999999999999999999992222   3893252129999119999   3934012129999119999 31 64  0  5  0 31 64  0  5  0 61 9683710  3  0  0  0  1  0  0  0  1  0   4  0   0  0  10  0  1891  1691   92719999999   171112112221112112222111111211188888112111111121111111
24331108199999 1833371 1.0000 1 11996123119961999999999999999999999999999999999992222  17724371888888888888  18884251888888888888 10 80  0  5  5 10 80  0  5  5 97 9683710 27  0  1  0  2  0  2  1  1  0  16  0   0  0  50  1 12601 10002  46321  32002   5011211122222111122222111122122  352222221221121111111
24331108299999 1486404 8.4359 1 11996123119961999999999999999999999999999999999992212   9717642121994111995   9797122121995111996 20 70  3  7  0 20 70  3  7  0101 9500010 13  0  0  0  1  0  3  0  1  1   9  0   0  0  28  1999999999999999999999999999999992111112121111121222111112112   31211888888888888888
24331108399999  15204633.8825 1 11996123119961999999999999999999999999999999999992212   1403272129999119999   1540002129999119999999999999999999999999999999999 48 6500010  0  1  1  0  0  1  0  0  0  1   0  1   0  0   2  4   541   541   1871   1871    71121121222111111888888888888299999111888888888888888
24331108499999 1677163 4.3256 1 11996123119961999999999999999999999999999999999992221  14575571888888888888  15627131888888888888  0 80  0 15  5  0 80  0 14  5 72 9000010 14  5  0  0  1  1 13  0  4  0   3  3   6  2  42 11 16251 14091  81481  43101   4311111112222112129912111112112  202212121121112111111
24331108599999 8175251 1.0000 1 11996123119961999999999999999999999999999999999992221  60000001888888888888  63000001888888888888  5 60  0 10 25  5 60  0 10 25 24 9000010 85  5  6  0  7  0 50  0  9  0  80  0   0  0 238  599999999999999999999999999  33911222222222111122222111111222  502122221111111111111
24331108699999  32686517.6207 1 11996123119961999999999999999999999999999999999992221   2086001888888888888   2300001888888888888999999999999999999999999999999168 6750010  0  1  0  0  0  0  0  0  0  0   4  0   3  0   8  199999999999999999999999999999999222122211111211888888888888299999212111122121111111
24331108799999  699324 8.4359 1 11996123119961999999999999999999999999999999999992221   3160001888888888888   3340001888888888888 40 45  0 15  0 40 45  0 15  0 24 9000010  3  0  0  0  1  0  0  0  1  0   8  0   0  0  14  099999999999999999999999999999999211111212111111888888888888299999211888888888888888
24331108899999  18285633.8825 1 119961231199619999999999999999999999999999999999922219999999999999999999999    523121888888888888999999999999999  0100  0  0  0 72 8500010  0  1  0  0  0  0  0  0  0  0   2  0   0  0   3  199999999999999999999999999    211111111888888818888888888882   21111888888888888888
24331108999999  14134633.8825 1 11996123119961999999999999999999999999999999999992221    815151888888888888    819261888888888888 80 20  0  0  0 80 20  0  0  0 49 8500010  1  0  0  0  1  0  1  1  1  0   0  0   0  0   5  1   321   301   3661   3421    511121222121112122112111211122   51211888888888888888
24331109099999  11478633.8825 1 11996123119961999999999999999999999999999999999992212    844682 71995 61996    857672 71996 61997  0100  0  0  0  0100  0  0  0 24 4300401  0  0  0  0  0  0  0  0  0  0   1  0   0  0   1  1   271   191   1551   1541    411221111888888818888888888882   52112111111111111211
24331109199999  21536633.8825 7 11995 63019961999999999999999999999999999999999992212   1296632 71994 61995   1330612 71995 61996  0100  0  0  0  0100  0  0  0187 3417401  0  2  0  0  0  1  0  0  0  0   0  1   0  0   0  5   742   692   2752   2702    221221211888888818888888888882   51212111111221111111
24331109299999 3541503 4.3256 1 11996123119961999999999999999999999999999999999992212  33619072 71994 61995  35005912 71995 61996  0 98  0  2  0  0 98  0  2  0 60 9662610 36  1  3  0  3  0 12  0  5  1   0  3   0  0  60  5999999999999999999999999999999992111122121111122222111112122  962112111111121111111
24331109399999   7766633.8825 1 11996123119961999999999999999999999999999999999992212    480001888888888888    500001888888888888  0100  0  0  0  0100  0  0  0 56 2200001  0  0  0  0  0  0  0  0  1  0   0  0   0  0   1  1   602   452   1002    752    11111111188888881888888888888188888111888888888888888
24331109499999   8090633.8825 1 11996123119961999999999999999999999999999999999992212    650001888888888888    650001888888888888999999999999999  0 76  0  0 24  6 2800001  0  0  0  0  0  0  0  0  0  0   2  0   0  0   2  199999999999999999999999999    31111111188888881888888888888299999112211211211111111
24331109599999 4224371 1.0000 1 11996123119961999999999999999999999999999999999992211  32503071888888888888  33609731888888888888  0100  0  0  0  0100  0  0  0 96 8150010 44  0  5  0  4  2  3  5  7  0  26  6   0  0  90 13 22751 21501   1401   1001  13611222112121111222222111112222 1171222221222111111211
24331109699999  908183 4.3256 1 11996123119961999999999999999999999999999999999992221   2350002999999999999   2670002999999999999100  0  0  0  0100  0  0  0  0 21 8200010  3  0  0  0  0  0  0  0  2  0   3  0   0  0   9  0  3421  328199999999999999   1111111212121111122212111112112   71122121111111111121
24331109799999  64114517.6207 7 11995 63019963999999999999999999999999999999999992121   1510592 79999 699999999999999999999999999100  0  0  0  0100  0  0  0  0 96 4207701  0  2  0  0  0  0  0  0  0  0   0  2   0  0   0  5999999999999999999999999999999992111111888888822222111122122   51111888888888888888
24331109899999  57886517.6207 1 11996123119964999999999999999999999999999999999991111   1050002999999999999   1120002999999999999100  0  0  0  0100  0  0  0  0 39 4400001  0  2  0  0  0  0  1  0  0  0   0  0   0  0   1  3999999999999999999999999999999992221111888888818888888888882   21112111111111111221
24331109999999  806993 4.3256 1 11996123119962999999999999999999999999999999999992121   2776722 71994 61995   2940742 71995 61996100  0  0  0  0100  0  0  0  0240 8000010  1  3  0  0  2  0  0  0  1  0   3  0   0  0   8  3  6441999999999999999999999999991111111888888822222111112122   62112221111211111111
24331110099999  924734 8.4359 1 11996123119963999999999999999999999999999999999991121   1250002999999999999   1350002999999999999100  0  0  0  0100  0  0  0  0 36 7500010  1  2  0  0  1  0  0  0  1  0   1  0   0  0   5  2  2001  1921     01     01   1011111111888888821212111112122   41112211111111111111
24331110199999 6730401 1.0000 1 11996123119961999999999999999999999999999999999991111  30044852 79999 69999  31366542 79999 69999 72 21  0  7  0 72 21  0  7  0  1 7950010 36  0  1  0  8  0 13  0  4  0  22  0   0  0  85  0 31031 27741     01     01   9411211121888888822222111112112  602212111121121111111
24331110299999  464104 8.4359 1 11996123119961999999999999999999999999999999999992221   1831322 79999 69999   1906322 79999 69999 89  6  0  5  0 87  8  0  5  0144 7729410  0  2  0  0  0  2  1  0  0  0   0  0   0  0   2  4999999999999999999999999999999992111112121111122222111112122   21111888888888888888
24331110399999  793354 8.4359 1 11996123119962999999999999999999999999999999999991121   1126182 79999 699999999999999999999999999100  0  0  0  0100  0  0  0  0276 4207701  0  3  0  0  0  0  0  0  0  0   0  1   0  0   0  599999999999999999999999999999999222111188888881888888888888188888111888888888888888
24331110499999 4766251 1.0000 1 11996123119961999999999999999999999999999999999992121  65908442999999999999  73115872999999999999 58  0 27  6  9 58  0 28  8  627310490410 86  0  0  0  3  0  0 27 30  0  86  0   7  0 213 27 43721 39811  11061  10351  42011111222221121121222111121122 1241221888888888888888
24331110599999 2450952 1.7317 1 11996123119961999999999999999999999999999999999992221  27070021888888888888  29889351888888888888 27  0  0  0  0 24  0  0  0  0226 9700010 27  2  2  0  3  0  0  0  5  0  32  0   0  0  70  2 30851 22002  31161  26002   4011111222221111122222111111222   21222222222122111111
24331110699999 3959141 1.0000 1 119961231199619999999999999999999999999999999999999999999999999999999999999999999999999999999999999999999999999999999999999999999999999910 40  0  4  0  0  0  0  4 24  0  65  0   0  0 134  499999999999999999999999999999999299999999999999999999999999999999999999999999999999
24331110799999 1869212 1.7317 1 11996123119963999999999999999999999999999999999992222   7276952999999999999   7276952999999999999 69 31  0  0  0 69 31  0  0  0216 9846710  0 18  0  1  0  2  0  1  0  6   0 39   0  0   1 67999999999999999999999999999999992111211888888818888888888882   21221888888888888888
24331110899999 4550431 1.0000 1 11996123119961999999999999999999999999999999999992221  49498131888888888888  56124601888888888888  0 81  0 19  0  0 81  0 19  0281 9906410 40  5  1  0  4  1  0  4 24  0 132  5   0  0 202 15112901 7811199999999999999   651111122188888882992211111112299999121888888888888888
24331110999999 1345013 4.3256 1 11996123119962999999999999999999999999999999999992222  16590701888888888888  17330701888888888888 21 56  4 11  8 20 55  3 12 10 72 9300010  4 11  0  0  1  1 21  0  3  1   2  4   0  0  32 17  8551  8321  19611  17681   1811111221888888822222111111212   61211888888888888888
24331111099999  317534 8.4359 1 11996123119961999999999999999999999999999999999992222   6300001888888888888   6400001888888888888 25 35  0 25 15 25 35  0 25 15 72 9000010  2  1  1  0  0  0  0  1  1  0   5  0   0  0  10  2  1791  167199999999999999    211221122211111218888888888882   21212221221111111111
24331111199999  781134 8.4359 1 11996123119961999999999999999999999999999999999992212   4000002999999999999   4200002999999999999 62 38  0  0  0 62 38  0  0  0 96 6200010  2  2  0  0  0  2  0  0  0  0   4  0   0  0   7  4999999999999999999999999999999992121111888888818888888888882   32111888888888888888
24331111299999 4655822 1.7317 1 11996123119961999999999999999999999999999999999992211  38502902 71995 61996  40618402 71996 61997  0 99  0  1  0  0 98  0  2  0 98 8900010 30  2  1  0  9  0  6  0  3  0  24  0   2  0  76  2 49861999999 9269719999999  10021211222121111122222111111122  352111888888888888888
24331111399999 7178591 1.0000 1 119961231199619999999999999999999999999999999999999999999999999999999999999  3607682299999999999999999999999999999999999999999999999999910 44  0  0  0  0  0  8  0  0  0  23  0  12  0  88  099999999999999999999999999999999299999999999999999999999999999999999999999999999999
24331111499999 1135573 4.3256 1 11996123119961999999999999999999999999999999999992221   9338002 71995 61996   9418002 71996 61997  0 81  0 19  0  0 81  0 19  0 88 8750010  8  1  0  0  1  0  0  0  0  0  19  0   0  0  29  199999999999999999999999999999999211122188888882222211112211299999111888888888888888
24331111599999 7738101 1.0000 1 11996123119961999999999999999999999999999999999992221  56713992 71994 61995  52976442 71995 61996  0 97  0  4  0  0 93  0  7  0 2499999910 57  0  3  0 11  2  9  1  6  0  32  0   0  0 119  3 27051 19961  93731  42721  17711211121888888822222221111212 1251121888888888888888
24331111699999  24266517.6207 1 11996123119961999999999999999999999999999999999992221   3321602 79999 69999   3581602 79999 69999  0100  0  0  0  0100  0  0  0249 7200010  0  4  0  0  0  0  0  0  1  0   5  0   0  0   7  4999999999999999999999999999999992111211888888818888888888882  252112111111221111111
24331111799999 6754011 1.0000 1 11996123119961999999999999999999999999999999999992221 133724862 71994 61995 138258962 71995 61996  0  0 93  7  0  0  0 92  8  0 2310200010139  4 17  0  4  0 11  0 11  0  84  0   0  0 267  4 59231 47901 908261 291211  15711111121888888822222111122222 1252221888888888888888
24331111899999 5138992 1.7317 1 11996123119961999999999999999999999999999999999992222  42000002999999999999  45000002999999999999100  0  0  0  0100  0  0  0  0 60 9500010 40  2  0  0 18  0  2  0 20  0  20  0   0  0 101  2  5001  4501 250001 200001   7511222221888888822222111122112  102212121121111111111
24331111999999 2224964 8.4359 1 11996123119963999999999999999999999999999999999992212  19307322 79999 69999  22434082 79999 69999100  0  0  0  0100  0  0  0  0312 9571010 19  0  1  0 13  2  0  0  0  1  13  0   0  0  47  3  1971  173199999999999999   181122122211111211888888888888299999211888888888888888
24331112099999 4421941 1.0000 7 11995 63019961999999999999999999999999999999999992221  38834031888888888888  45255531888888888888100  0  0  0  0100  0  0  0  0 59 9571010 56  0  3  0 26  0  3  0  2  0  37  0   0  0 128  0 13241  8801 220951 165711  15011221222111112122222211122122 1251222999999999999999
2433111219999914125611 1.0000 1 11996123119961999999999999999999999999999999999992121  75205542 71994 61995  79272852 71995 61996100  0  0  0  0100  0  0  0  0 72 9571010 99  5  0  0 34  1  0  0  2  1  54  9   0  0 190 1699999999999999999999999999999999221121188888882222211112212299999222211111211211111
24331112299999 6450681 1.0000 7 11996 63019971999999999999999999999999999999999992111 119000002 79999 69999 124000002 79999 69999 98  0  0  2  0 98  0  0  2  0 52 9600010130  0 10  0 39  0 10  0 20  0  90  0   0  0 300  0 13531 1033199999999999999  20711212211888888821222111121122   62211888888888888888
24331112399999  62239517.6207 1 11996123119961999999999999999999999999999999999992222   5055211888888888888   5099071888888888888 20 80  0  0  0 20 80  0  0  0 96 6025610  4  0  0  0  0  0  0  0  1  0   4  0   0  0  10  0  3551  2891  12881   8441   2011111211888888818888888888882   41111888888888888888
24331112499999 4361282 1.7317 1 11996123119961999999999999999999999999999999999992211  46988002999999999999  54366242999999999999 18 75  0  7  0 23 63  0 11  2 53 8700010 33  0  1  0  7  0  0  1  2  0  31  0   0  0  75  1 23371999999   75519999999   5511212222121111122222111112122  301212111211221111111
24331112599999 5361032 1.7317 1 11996123119961999999999999999999999999999999999992221  38435751888888888888  42538281888888888888 20 78  0  2  0 19 79  0  2  0126 9350010 32  0  4  0  6  0  0  1  1  0  28  2   1  0  73  3 34351 3277199999999999999   9711221211888888822222111112112  441122121111111111111
24331112699999   2010633.8825 1 119961231199619999999999999999999999999999999999922229999999999999999999999    214002999999999999999999999999999999999999999999 10 1850001  0  0  0  0  0  0  0  0  0  0   0  1   0  0   0  299999999999999999999999999999999211111188888881888888888888188888119999999999999999
24331112799999  27725633.8825 1 11996123119961999999999999999999999999999999999992222   1730002999999999999   1760002999999999999 30 65  0  5  0 35 62  0  3  0167 6850010  0  2  0  0  0  0  0  0  0  0   2  0   0  0   3  2  2422  2112   2782   2092    821211111888888822112111112112   61212111211211111111
2433111289999911620981 1.0000 1 11996123119961999999999999999999999999999999999992221 116000001888888888888 129000001888888888888  0 85  0 15  0  0 85  0 15  0 9610100010 96  0  7  0  5  0  8  0  2  0  50  0   6  8 175  8 62201 60721  45311  41011  32911111221888888822222111221122  341122221221121111111
24331112999999 1556364 8.4359 1 11996123119961999999999999999999999999999999999992222  17084431888888888888  17279661888888888888999999999999999999999999999999 48 7925010 11  0  0  0  1  0  0  0  1  0   9  2   0  0  23  299999999999999999999999999999999212122212111112122111111211299999292121111111111111
24331113099999 2951493 4.3256 1 11996123119961999999999999999999999999999999999992212  22000001888888888888  23426951888888888888  2  0  0  0  0  2  0  0  0  0 48 8362310 22  0  2  0  1  1  3  0  1  0  11  0   0  0  41  1 16671 12901  33911  22251   3111221122121112122222111112122   52212111111111111111
2433111319999920398191 1.000012 11995113019961999999999999999999999999999999999992211 215357242129999119999 214520322129999119999  3 92  0  4  1  3 91  0  3  216610497010140  0 26  0 13  0 11 21 14  0  56  3   0  0 261 2413319112519199999999999999 220011221222121111122222111111122  991121888888888888888
24331113299999 2821393 4.3256 1 11996123119961999999999999999999999999999999999991111   9892371888888888888  11007441888888888888  0 98  0  2  0  0 98  0  2  0168 9893410  8  0  1  0  6  0  2  0  6  0   8  0   0  0  32  0  9702  890299999999999999   2711221211888888822222111112112   31111888888888888888
24331113399999  16855633.8825 1 119961231199619999999999999999999999999999999999922229999999999999999999999   1206261888888888888  0100  0  0  0999999999999999 36 3000001  1  0  0  0  0  0  0  0  0  0   1  1   0  0   2  299999999999999999999999999999999221111188888881888888888888188888111888888888888888
2433111349999910587461 1.0000 1 11996123119961999999999999999999999999999999999992122 207082171888888888888 222217491888888888888  0 88  0 12  0  0 86  0 14  0 72 9787210132  0  9  0 19  0 34  0 14  0  78  0  12  0 299  099999999999999999999999999999999222221212111112222222212212299999122221221111111111
24331113599999  29846633.8825 1 11996123119961999999999999999999999999999999999992222   1880001888888888888   2070001888888888888 10 90  0  0  0 10 90  0  0  0185 3600001  0  4  0  0  0  1  0  1  0  0   0  7   0  0   0 1499999999999999999999999999999999221121188888882211211111211299999211888888888888888
24331113699999 1131824 8.4359 1 119961231199619999999999999999999999999999999999922219999999999999999999999   9332121888888888888  0100  0  0  0  0100  0  0  033999999910  9  1  0  0  1  0  0  0  0  0   6  0   0  0  17  1999999999999999999999999999999992121222221111122222121112112   32111888888888888888
24331113799999 4844843 4.3256 1 11996123119961999999999999999999999999999999999991122  88035131888888888888  90593881888888888888  0 97  0  2  1  0 96  0  3  1 24 9819910 45 11 13  0  6  1  8 13  7  0  34  4   0  0 114 29999999999999999999999999999999992221211888888822222111112112  221221888888888888888
24331113899999  16215633.8825 1 11996123119961999999999999999999999999999999999992222    950001888888888888   1439951888888888888  0100  0  0  0  0100  0  0  0 24 6700010  0  0  0  0  0  0  0  0  0  0   2  0   0  0   3  0   752999999   8252   7502    01111111188888881888888888888188888112111111111111211
24331113999999  31567633.8825 1 11996123119961999999999999999999999999999999999992222   2610001888888888888   2800001888888888888  0100  0  0  0  0100  0  0  0300 4500001  0  3  0  0  0  1  0  1  0  0   0  3   0  0   0  999999999999999999999999999999999222121188888881888888888888188888292111111121111111
24331114099999  48411517.6207 1 11996123119961999999999999999999999999999999999992222   2539211888888888888   3218541888888888888 13  0  0  0  0  0  0  0  0  0  4 5820010  4  0  0  0  0  0  0  1  0  0   4  0   0  0   9  1  1811  1721   2441   2321    811221211888888822112111112112   21211888888888888888
24331114199999 2275873 4.3256 1 11996123119963999999999999999999999999999999999991112   7749072 71994 61995   9078652 71995 61996 60 30  0  0 10 60 30  0  0 10138 8433010  9  0  0  0  2  0  0  0  3  0   9  2   0  0  24  299999999999999999999999999999999222121212211112222211111212188888111888888888888888
24331114299999 1392883 4.3256 1 11996123119963999999999999999999999999999999999991111    925002 79999 69999    950002 79999 69999 33999999999999 49999999999999216 7320010  5  0  0  0  2  0  0  0  3  0   1  0   1  1  13  199999999999999999999999999999999211121188888882122211111112188888111888888888888888
24331114399999  906894 8.4359 1 11996123119964999999999999999999999999999999999992121    350002999999999999    450002999999999999 75  0  0  0 25 75  0  0  0 25156 7800010  5  0  0  0  1  0  0  0  3  0   2  1   5  0  17  1  4301  3901     11     11  12011111211888888822221111111122  151112111111111111211
24331114499999 1706874 8.4359 1 11996123119962999999999999999999999999999999999992111   6000002999999999999   6300002999999999999 50 50  0  0  0 50 50  0  0  0 60 7600010  6  0  1  0  2  0  3  0  2  0   4  0   0  0  19  0 1300199999999999999999999999999112122188888882222211112112299999112222222222111111
24331114599999 6463411 1.0000 1 11996123119961999999999999999999999999999999999992221 103639372999999999999 110153672999999999999 16  0  0  0  0 15  0  0  0  0 48 8990010 84  5  6  0  7  0 20  0  8  0  81  0   0  0 207  5 58601 41441  44441  27281  19211221122121121122222111121222 8002112999999999999999
24331114699999  46491517.6207 1 11996123119961999999999999999999999999999999999992222   1640001888888888888   1710001888888888888  5  0  0  0  0  6  0  0  0  0 72 4250010  1  1  0  0  0  1  0  0  1  0   3  0   0  0   6  2999999999999999999999999999999992111211888888821212111121112   11112111111111111221
24331114799999  29804517.6207 1 11996123119961999999999999999999999999999999999992212   1374101888888888888   1468911888888888888  0100  0  0  0  0100  0  0  0 24 3900010  0  2  0  0  0  0  0  0  0  1   5  0   0  0   6  399999999999999999999999999999999222111188888881888888888888188888111888888888888888
24331114899999 2550663 4.3256 1 11996123119961999999999999999999999999999999999992221  29459651888888888888  21478411888888888888 18 77  0  5  0 18 77  0  5  0 72 7100010 17  0  1  0  3  1  2  2  1  2  17  7   1  0  43 12 29331 17241  17191   9951   2911111121888888822212111111122   61111888888888888888
2433111499999910038071 1.0000 1 11996123119961999999999999999999999999999999999992221  52586691888888888888  54668041888888888888  0100  0  0  0  0100  0  0  0 72 7950010 46  0  5  0  6  0  6  0  9  0  35  0   1  0 109  0 51121 43741  11551   9901  11111221221888888822222112121222  552112111111121111111
24331115099999 3515651 1.0000 1 11996123119961999999999999999999999999999999999992222  49601042 71995 61996  53272652 71996 61997  0  0100  0  0  0  0 96  4  1 36 6990010 51  0  5  0  5  1  2  0 24  0  36  0   5  0 129  1 47291 40721  22481  17511  19711111222221111122222222111222 1002111888888888888888
24331115199999   2136633.8825 1 119961231199619999999999999999999999999999999999922229999999999999999999999999999999999999999999999999999999999999999999999999917899999901  0  0  0  0  0  0  0  0  0  0   0  1   0  0   0  299999999999999999999999999999999211111188888881888888888888188888111888888888888888
24331115299999  60565517.6207 1 11996123119961999999999999999999999999999999999992212   4887722 79999 69999   5290042 79999 69999  5 92  0  3  0  5 92  0  3  0161 6100010  3  0  1  0  1  0  0  0  0  0   3  0   0  0   9  0  3002  2752   5002   4502   1221111211888888822112111111122   52212121111211111111
24331115399999  885234 8.4359 1 11996123119961999999999999999999999999999999999992222   7701692 71994 61995   8701542 71995 61996  4 86  0  2  8  4 88  0  2  8312 6303010 11  0  1  0  0  0  0  6  0  0   7  0   0  0  20  6  6731  4451  17131  13411   3511221212221111122222111111122   52212221221121111111
2433111549999910487171 1.0000 1 11996123119961999999999999999999999999999999999992222 127311832 71995 61996 150680562 71996 61997  0100  0  0  0  0100  0  0  0 2410070010104  0  2  0  8  0 15  0 26  0 258  5   4  0 418  5117961 88201 167231  84171  14811222222221111122222111111222  752212222222222111111
24331115599999  71531517.6207 1 11996123119961999999999999999999999999999999999992111   2440001888888888888   2450001888888888888  0100  0  0  0  0100  0  0  0 48 5000010  2  0  0  0  1  0  0  0  0  0   2  0   0  0   6  0999999999999999999999999999999992211111888888818888888888882  152111888888888888888
24331115699999 2354472 1.7317 1 11996123119961999999999999999999999999999999999991111  72844291888888888888  77304811888888888888  0 94  0  6  0  0 96  0  4  014411500010 34  0  9  0  3  0 11  0 59  0  41  0   0  0 158  0 29901 2655199999999999999   6511221222221121122222111111122  261211888888888888888
24331115799999 8464982 1.7317 1 11996123119961999999999999999999999999999999999991111 161264981888888888888 162286811888888888888  0 99  0  1  0  0 99  0  1  0 2211500010 51  0 10  0  6  0  2  0116  0  75  9   0  0 261  9 23011 1715199999999999999   9511221222221111129922111111122   41221888888888888888
24331115899999 5064202 1.7317 1 119961231199619999999999999999999999999999999999999999999999999999999999999999999999999999999999999999999999999999999999999999999999999910 45  1  0  0  3  0  0  0105  0   0  0   0  0 154  199999999999999999999999999999999299999999999999999999999999999999999999999999999999
24331115999999 7550891 1.0000 1 11996123119961999999999999999999999999999999999991111 218044701888888888888 225000001888888888888  0100  0  0  0  0100  0  0  0 5411500010126  0  6  0  8  0 12 18172  0  98  0  12  0 435 18 66091 5735199999999999999  44711211222121121122222111112122  471112211111111121111
24331116099999 5507891 1.0000 1 11996123119961999999999999999999999999999999999992112 122790002 79999 69999 126948252 79999 69999  0 97  0  3  0  0 95  0  5  0 6211500010 61  0  0  0  7  1  3  0 91  0 111 12   0  0 274 13 38391 33821    851    851  10011222222121111121222111111122  401122211111111111112
24331116199999 118737517.6207 1 11996123119961999999999999999999999999999999999991111  16637541888888888888  19023231888888888888  0100  0  0  0  0100  0  0  0 7011500010  5  0  0  0  2  0  1  0 17  0  19  2   0  0  45  2  2791  206199999999999999    91122212212112212212111111211188888111888888888888888
24331116299999 7024582 1.7317 1 11996123119961999999999999999999999999999999999992211 109459631888888888888 115505081888888888888  0 95  0  5  0  0 95  0  5  0 5711500010 55  0 31  0  5  1 16  0 50  0  66  0   0  0 224  1 28841 1866199999999999999  12211222222221112122222111112122  841221888888888888888
24331116399999 5911822 1.7317 1 11996123119961999999999999999999999999999999999992111 113065071888888888888 121524701888888888888  0 97  0  3  0  0 97  0  3  014511500010 42  0  3  1  1  0 26  0 68  0  97  4  10  0 248  5 21591 1980199999999999999  15111222222221121122222211121122   81112121121111112111
24331116499999 4648332 1.7317 1 11996123119961999999999999999999999999999999999991111  90000001888888888888  96750001888888888888  0  0  0  0  0  0  0  0  0  010211500010 55  0  1  0  5  0  4  0 75  0  47  0   0  0 188  0 27911 2256199999999999999  14411221222121121118888888888882  331111888888888888888
24331116599999 5266141 1.0000 1 11996123119961999999999999999999999999999999999992111  75609002 71994 61995  89737002 71995 61996 95  0  0  5  0 93  0  0  7  0 96 7309310 70  0  4  0 11  0 10  1  6  0  92  0   0  0 194  1999999 22991 120781  65841   6411222222221112122222111111212  202222111111121121111
24331116699999 1725563 4.3256 7 11995 63019963999999999999999999999999999999999992211  22307002 71994 61995  22207002 71995 61996 96  0  0  4  0 96  0  0  4  0168 7053510 16  0  2  0  3  1  0  0  3  0  18  0   0  0  43  1  9091  6901  19221  13031  17711221122111112121212112112112   72221888888888888888
2433111679999911937751 1.0000 1 11996123119961999999999999999999999999999999999992211 341153172 79999 69999 341566982 79999 69999  0  0 86 14  0  0  0 87 13  0 8412500010341  0 50  0 12  0100  0 37  0 221  0  15  0 777  0 92831 84731 313821 173841  42511221222221112122222211111222 1871212111121121111111
24331116899999 2015334 8.4359 1 11996123119961999999999999999999999999999999999992211  14528961888888888888  16459101888888888888  0 91  0  9  0  0 92  0  8  0113 9900010 15  0  0  0  0  0  0  0  4  0   8  0   0  0  28  0 12982 12202  60002  45002   331121111188888882222211111212188888111888888888888888
24331116999999 1408004 8.4359 1 11996123119961999999999999999999999999999999999992211   7389341888888888888   7791241888888888888999999999999999999999999999999 48 9900010  2  6  0  0  1  0  0  0  1  0   6  1   0  0  11  7  7211999999  235019999999999999111111211111212212211111212188888112211111111111111
24331117099999 9540211 1.0000 1 11996123119961999999999999999999999999999999999992111 102401871888888888888 106054121888888888888  5 77  0 19  0  6 77  0 17  010311300010 96  0  6  0  6  2  3  0 14  0  50  2   0  0 176  4 26051 2429199999999999999  1531121221188888882222222211122299999129999999999999999
2433111719999922739661 1.0000 1 11996123119961999999999999999999999999999999999992221 490000001888888888888 490000001888888888888  5  0 94  1  0  5  0 94  1  0 9012500010450  0100  0 20  0 60  0240  0 430  0   0  01301  0149001138001 702001 645001  57211222212211122121222111121122 2001211888888888888888
24331117299999  71508517.6207 1 11996123119961999999999999999999999999999999999992211   4046831888888888888   4143041888888888888999999999999999999999999999999 72 5176010  2  0  0  0  0  0  0  0  1  0   4  0   0  0   8  0   851   841   7901   7341    61122122188888881888888888888999999112111111221111111
24331117399999 7219961 1.0000 1 119961231199619999999999999999999999999999999999999999999999999999999999999999999999999999999999999999999999999999999999999999999999999910 75  2  0  0  5  0  3  0  8  1  47  1   0  0 139  499999999999999999999999999999999299999999999999999999999999999999999999999999999999
2433111749999913033891 1.0000 1 11996123119961999999999999999999999999999999999992111 180000002999999999999 200000002999999999999  3 95  0  3  0  3 95  0  3  026412500010134  4 35  0  4  0 20  0 23  0 128  0   0  0 345  4 64752 30002 140002  70002  1251122222222111112222211112112299999112221221111111111
2433111759999915337741 1.0000 1 11996123119961999999999999999999999999999999999992111 600000002 79999 69999 600000002 79999 69999  0  0 90 10  0  0  0 90 10  026412500010468  0 39  0 31  0119  0 77  0   0  0 566  01301  0 80941 71641 838691 617541  67611211212221111199999999999992 2361119999999999999999
2433111769999919806431 1.0000 1 11996123119961999999999999999999999999999999999992211 300290102 71994 61995 311164052 71995 61996  0  0 88 12  0  0  0 87 13  0 6612500010288  0 36  0  1  0 60  0 49  0 228  0   0  0 663  0 77721 70091 484541 258351  54811221222221112122212111111122 3121221888888888888888
24331117799999 3987482 1.7317 1 11996123119961999999999999999999999999999999999992111  52103192 71994 61995  52717282 71995 61996  6  0 91  3  0  5  0 92  3  016612500010 49  0  0  0  2  0  3  0 18  0  25  0  15  0 113  0  8481  7941 119881  53561   6111222222221112122221111121212   31121888888888888888
24331117899999 191108517.6207 1 11996123119961999999999999999999999999999999999992211    659541888888888888    728591888888888888  0100  0  0  0  0100  0  0  0 24 3000001  0  1  0  0  0  0  0  0  0  0   0  1   0  0   0  3999999   17199999999999999    31121111221111111888888888888188888111888888888888888
24331117999999  992014 8.4359 1 11996123119961999999999999999999999999999999999992211   4750001888888888888   5000001888888888888 10 90  0  0  0 10 90  0  0  0108 9900010  2  3  0  0  0  1  2  0  0  1   3  0   0  0   8  5  4002  3252  15002  12502   251121121188888881888888888888188888111888888888888888
2433111809999913568961 1.0000 1 11996123119961999999999999999999999999999999999992211 178074232999999999999 189545422999999999999  0 89  0 11  0  0 90  0 10  0 8411300010131  0  1  0  4  0  6  0 46  0 134  1   0  0 323  1 45371 44821 418101 262711   8611211222221112122222211111212  121112221111111111111
24331118199999  943244 8.4359 1 11996123119961999999999999999999999999999999999992211   5355001888888888888   5550001888888888888  1 99  0  0  0  1 99  0  0  0 72 9900010  3  6  0  0  1  0  0  0  0  1   3  0   0  0   8  7  6002  3002  20002  17002    811111221888888818888888888882   32111888888888888888
24331118299999 8934121 1.0000 1 11996123119961999999999999999999999999999999999992111 137650001888888888888 137650001888888888888  9 90  0  1  0  9 90  0  1  0 3611300010114  0  1  0  2  0  2  0 26  0  78  3   0  0 224  3 50101 45161 249811 228761   9411222222211112122222111122222  361122222222111111111
24331118399999 1190513 4.3256 1 11996123119967999999999999999999999999999999999992211   6696672 79999 69999   7194512 79999 69999 91  4  0  5  0 92  3  0  5  0 27 9060010  8  0  0  0  2  0  0  0  2  0   5  0   0  0  18  0 16651 11581 209531 186491  10811211121888888822212111112112  111112221221211111111
24331118499999 1885963 4.3256 1 1199612311996399999999999999999999999999999999999222299999999999999999999999999999999999999999999100  0  0  0  0100  0  0  0  0264 7500010 10  0  0  0  2  0  0  0  2  0   5  0   0  0  20  0999999999999999999999999999999992211122121111122222122112112   21191888888888888888
24331118599999 1438453 4.3256 7 11996 63019964999999999999999999999999999999999992222   5000002 79999 69999   5000002 79999 69999100  0  0  0  0100  0  0  0  021610000010  9  0  0  0  2  0  6  0  0  0   0  0   0  0  18  0 21401 13751  15791   5181   2111111122121111122122111112112   42111888888888888888
24331118699999 1455304 8.4359 1 1199612311996399999999999999999999999999999999999222199999999999999999999999999999999999999999999100  0  0  0  0100  0  0  0  0 60 8400010  9  0  1  0  2  0  0  0  0  0   6  2   0  0  19  2 2400199999999999999999999   5011221212221112122222111112122   41112211121111111111
24331118799999 1165143 4.3256 1 1199612311996199999999999999999999999999999999999222299999999999999999999999999999999999999999999999999999999999999999999999999120 8800010  6  0  0  0  2  0  3  0  0  0   2  0   0  0  14  0999999999999999999999999999999992211222121111122222111112122  102111888888888888888
24331118899999  895754 8.4359 1 1199612311996199999999999999999999999999999999999222199999999999999999999999999999999999999999999999999999999999999999999999999 46 9200010  5  0  1  0  1  0  3  0  0  0   0  0   0  0  11  0999999999999999999999999999999992211122121112118888888888882  752111888888888888888
24331118999999 3792011 1.0000 1 11996123119961999999999999999999999999999999999992221   8924402999999999999   932598299999999999999999999999999999999999999999912010400010 18  0  0  0  4  0  0  0  1  0  11  0   0  0  35  0999999999999999999999999999999992211222221121122222111112122   62112221221111111111
24331119099999 2271892 1.7317 7 11995 6301996499999999999999999999999999999999999222299999999999999999999999999999999999999999999999999999999999999999999999999 24 8422710 12  0  0  0  2  0  0  0  1  0   6  0   0  0  22  0 30491 19101  27731   5241   261121122211111212212211111212299999112221121121111121
24331119199999 1296864 8.4359 1 1199612311996499999999999999999999999999999999999222199999999999999999999999999999999999999999999100  0  0  0  0100  0  0  0  0194 8000010  4  0  0  0  2  0  0  0  0  0   2  0   0  0   9  0999999999999999999999999999999992211122221111122212111122112   22111888888888888888
24331119299999 5975891 1.0000 7 11995 63019961999999999999999999999999999999999992221  22283502 71995 619969999999999999999999999100  0  0  0  0100  0  0  0  028210300010 33  1  1  0  3  0  4  0 10  0  23  0   0  0  75  1 56361 30751 411801 101271  1751122212222112212222211111212299999221888888888888888
24331119399999 1918003 4.3256 1 1199612311996199999999999999999999999999999999999222199999999999999999999999999999999999999999999100  0  0  0  0100  0  0  0  0 72 8200010  8  0  1  0  3  0  0  0  1  0   4  0   0  0  18  0999999999999999999999999999999992211221888888822112111122112   31212211111211111211
24331119499999 1084404 8.4359 1 11996123119961999999999999999999999999999999999991112   6389222999999999999   6788052999999999999  0100  0  0  0  0100  0  0  0244 4875601  3  8  0  0  0  0  0  3  1  0   4  1   0  0   8 13999999999999999999999999999999992111212111112122222111111122   32212111211111111111
24331119599999 1474723 4.3256 1 11996123119961999999999999999999999999999999999991112   6023301888888888888   7328521888888888888999999999999999999999999999999152 8768410 11  0  0  0  1  1  0  0  2  0   3  1   0  0  18  299999999999999999999999999999999221111222111212212211112112299999212111121111111111
24331119699999  47290517.6207 1 11996123119961999999999999999999999999999999999992112   2073771888888888888   2537251888888888888  0100  0  0  0  0 96  0  4  0 96 4136901  0  4  0  0  0  1  0  0  0  0   0  2   0  0   0  8   571   531  81871  80341    411111111888888818888888888882   31211888888888888888
2433111979999914015521 1.0000 1 11996123119961999999999999999999999999999999999991122 124000001888888888888 131000001888888888888  0 78  0 22  0  0 78  0 22  0 79 8768510150  0 13  0  2  0  5  0  7  0  62  0   0  0 240  017000116150199999999999999 600021221222121111122222111122222  921221888888888888888
2433111989999910137241 1.0000 1 11996123119961999999999999999999999999999999999991122  60000002999999999999  63000002999999999999  0100  0  0  0  0100  0  0  0214 8768410 83  0  0  0  6  0  2  6  5  0  48  5   0  0 145 11999999999999999999999999999999992222222221111122222211111122  252212221221111111111
24331119999999 1399364 8.4359 1 11996123119961999999999999999999999999999999999991121  11260521888888888888  12566701888888888888  0 85  0  5 10  0 85  0  5 10192 8768310 10  1  0  0  5  1  0  0  3  0   8  0   0  4  27  6999999999999999999999999999999992221212121111121221111111122   41211888888888888888
24331120099999 8576161 1.0000 1 11996123119961999999999999999999999999999999999992222  73325681888888888888  75686591888888888888 23 64  0  0 13 26 61  0  0 13 60 8600010 94  0  1  0 10  0  7  0  3  0  80  0   0  0 196  0999999999999999999999999999999992221222221111122222111111122 1081212211111111111111
24331120199999  46837633.8825 1 11996123119961999999999999999999999999999999999991112   3553241888888888888   3609111888888888888  0100  0  0  0  0100  0  0  0 48 4200001  0  4  0  0  0  0  0  0  0  0   0  7   0  0   0 1299999999999999999999999999999999222111188888882121211111112299999211888888888888888
24331120299999 5305712 1.7317 1 119961231199619999999999999999999999999999999999911229999999999999999999999  14000001888888888888999999999999999999999999999999 24 8700010 52  0  2  0  1  0  2  0  2  0  25  0 175  0 260  099999999999999999999999999  1171111121188888882221211111222299999211888888888888888
24331120399999 6305312 1.7317 1 11996123119961999999999999999999999999999999999991111  61176032 79999 69999  67197712 79999 69999 62  6  0  1 40 58  6  0  0 36198 6825010 49  0 11  0  1  0  0 12 10  0  62 10   0  0 134 22 45121 31331   9981   6831  1451112122222111112222211112222299999212221111111121111
24331120499999 3240433 4.3256 1 11996123119961999999999999999999999999999999999992121  43352222999999999999  47949142999999999999  2 90  0  9  0  2 90  0  9  0 17 8500010 24  0  3  0  2  6  0  2  2  1  28  0   2  2  62 1199999999999999999999999999999999212112222111112211211111212299999211888888888888882
24331120599999  62502517.6207 1 11996123119961999999999999999999999999999999999992221   7352902 71994 61995   8327952 71995 61996  0100  0  0  0  0100  0  0  0132 7400010  7  0  0  0  1  0  1  0  0  0   6  0   1  0  17  099999999999999999999999999999999211121212111111888888888888999999112111111111111211
24331120699999   9229633.8825 1 11996123119961999999999999999999999999999999999992221    801511888888888888    835671888888888888 25 75  0  0  0999999999999999 48 5256010  0  0  0  0  0  0  0  0  0  0   2  0   0  0   3  0999999999999999999999999999999992111111888888818888888888882   32112111111211111111
24331120799999 6249031 1.0000 1 11996123119961999999999999999999999999999999999992121 141745012 71995 61996 144056622 71996 61997  7 73  1  6 13  7 71  1  6 15192 8476010 76  4 11  0  7  0 23  0  7  0  53  0  20  0 198  4120871 65391 170761  79651  98811222222221111122222111112112 1841122111111121122111
2433112089999912960371 1.0000 1 11996123119961999999999999999999999999999999999992111  81645091888888888888  86630841888888888888  0100  0  0  0  0100  0  0  024010600010 81  0  2  0  0  0 17 28 17  0  13  0   0  0 131 28999999999999999999999999999999992221222122211122222111112222  311111888888888888888
24331120999999 5787153 4.3256 1 11996123119961999999999999999999999999999999999992121  41310002999999999999  41310002999999999999  0 99  1  0  0  0 99  1  0  0131 9912010 26  1  2  0  2  0  0  2 16  0  24  0   3  0  74  399999999999999999999999999999999221111222111112122221122222299999112221111111111111
24331121099999 4107443 4.3256 1 11996123119961999999999999999999999999999999999992111  23500001888888888888  26000001888888888888  0 90  0 10  0  0 90  0 10  0 4710500010 30  0  7  0  0  0  0  5 16  0  19  0   0  0  73  5 12002 11002  37002  28002  17011221222121211122222122122122  152212111121121111111
24331121199999 2468073 4.3256 1 11996123119961999999999999999999999999999999999992211  13724271888888888888  13589301888888888888  0 90  0 10  0  0 90  0 10  0 35 4759310 18  0  1  0  1  1  0  3 13  1  17  0   0  0  51  599999999999999999999999999999999212111221112112221221111211299999291888888888888888
24331121299999 5475922 1.7317 1 11996123119961999999999999999999999999999999999992111  27300001888888888888  28745001888888888888  0100  0  0  0  0100  0  0  0 1210300010 37  0  4  0  0  0 15  0 28  0  34  0   0  0 119  0999999999999999999999999999999992111222121111122222122112122  252112122122122111111
2433112139999914780021 1.0000 1 11996123119961999999999999999999999999999999999992222 249195412 71994 61995 255560202 71995 61996  0  0 81 19  0  0  0 81 19  0 6710570410235  0 30  0 19  0 38  5 48  0 141  0   0  0 512  5186501169722 195751 178132  60611211222222221122222111121222 7002222111111111112111
24331121499999 1526304 8.4359 1 1199612311996199999999999999999999999999999999999211199999999999999999999999999999999999999999999  0 85  0 10  5  0 85  0 10  513210480010  3  6  1  0  1  1  0  0  5  0   4  0   0  0  15  7999999999999999999999999999999992111122221111122212111112112   52112222212111111111
24331121599999  29632633.8825 1 1199612311996199999999999999999999999999999999999222199999999999999999999999999999999999999999999999999999999999999999999999999 8499999910  0  1  0  0  0  0  1  0  2  1   0  2   0  0   4  4999999999999999999999999999999992111111888888822212211122112   21221888888888888888
24331121699999 9902251 1.0000 1 11996123119965999999999999999999999999999999999992222  89680662 79999 69999  94208552 79999 69999 90  0  0  8  2 91  0  0  6  3 48 5500010 47  2 20  2  6  1 23  1 14  0  35  0   0  0 146  6 59931 5501199999999999999   8211221222222221122222222121122  421222222222222111111
24331121799999 2409324 8.4359 1 11996123119964999999999999999999999999999999999992111  12416132 71994 61995  13529832 71995 61996 21 79  0  0  0 22 78  0  0  024299999910 13  1  3  0  4  0  0  0  2  0   7  1   7  2  37  4999999999999999999999999999999992211221888888822222111112122  202112121121122111111
24331121899999  35829517.6207 1 11996123119961999999999999999999999999999999999992222   2850001888888888888   2950001888888888888  0100  0  0  0  0100  0  0  0 48 4300001  2  1  0  0  0  1  0  0  0  0   4  0   0  0   6  3  2501  2471  92391  77841    311211111888888818888888888882   42212111111111111121
24331121999999   5772633.8825 1 11996123119961999999999999999999999999999999999992212    370001888888888888    380001888888888888  0100  0  0  0  0100  0  0  0138 2350010  0  0  0  0  0  0  0  0  0  0   0  1   0  0   1  1    31    31   1001    851    211111111888888818888888888882   11111888888888888888
24331122099999   5125633.8825 1 11996123119961999999999999999999999999999999999992212    473692 79999 69999    481052 79999 69999  0100  0  0  0  0100  0  0  0  7 2363410  0  0  0  0  0  0  0  0  0  0   1  0   0  0   2  099999999999999999999999999999999211112999999991888888888888188888111888888888888888
24331122199999 1382214 8.4359 1 11996123119961999999999999999999999999999999999992212   9362891888888888888  10281721888888888888  0100  0  0  0  0100  0  0  0 96 6500010 12  0  0  0  2  0  1  0  1  0   6  0   0  0  23  0  8841  6901  57111  47411   3211221212221111118888888888882  102211888888888888888
24331122299999   2230633.8825 1 11996123119961999999999999999999999999999999999992222    360002999999999999    360002999999999999  0100  0  0  0  0100  0  0  0 57 2300001  0  0  0  0  0  0  0  0  0  0   0  1   0  0   0  2    32    32    152    152999999111121188888881888888888888299999112111211111111111
24331122399999 1498444 8.4359 1 11996123119961999999999999999999999999999999999992221  16000002 79999 69999  16450002 79999 69999 88  8  0  4  0 88  8  0  4  0 39 8760010 12  0  0  0  2  2  0  1  2  0  18  2   0  0  35  5 2593199999999999999999999   4311221222111112222222111112112   11111888888888888888
24331122499999 3645661 1.0000 1 11996123119961999999999999999999999999999999999992211  27924852 71994 61995  29959512 71995 61996 60 32  0  8  0 59 33  0  8  0 52 8900010 28  0  0  0  0  0  0  3  4  0  25  0   0  0  58  3999999999999999999999999999999992222222221111122222111112112  241212221121121111111
24331122599999 1735493 4.3256 1 1199612311996499999999999999999999999999999999999221199999999999999999999999999999999999999999999100  0  0  0  0100  0  0  0  017199999910 10  0  1  0  3  0  0  0  1  0   3  0   0  0  19  0999999999999999999999999999999992211211888888818888888888882  122112111111121111211
24331122699999 1248364 8.4359 1 1199612311996699999999999999999999999999999999999222199999999999999999999999999999999999999999999100  0  0  0  0100  0  0  0  0 51 9000010  8  0  2  0  2  0  0  0  2  0  12  0   0  0  27  099999999999999999999999999999999211122188888882222211112212299999112122122121111111
24331122799999 5350361 1.0000 1 11996123119961999999999999999999999999999999999992111  41553332 71995 61996  44979182 71996 61997 59 35  0  6  0 58 40  0  2  0109 8761210 39  0  5  0 12  0  1  0  6  0  19  2   0  0  83  2 34421 30021 530582 247672   7811222222222222222222111122122  641211888888888888888
24331122899999 8674091 1.0000 1 11996123119961999999999999999999999999999999999992211  66982472 71995 61996  73386432 71996 61997 58 39  0  3  0 58 39  0  3  0  199999910 52  0 18  0  6  0  0  0 34  0  40  0   1  0 152  014608112419199999999999999999999112222212221112222211111212299999112121121111111111
24331122999999  381924 8.4359 1 11996123119961999999999999999999999999999999999992211   1678331888888888888   1711481888888888888  7 93  0  0  0  7 93  0  0  0 48 8521710  2  0  0  0  0  0  0  0  1  0   4  0   0  0   8  0  3511  2061   8621   5931   141122121188888882222211111211188888111888888888888888
24331123099999  25463517.6207 1 11996123119961999999999999999999999999999999999991111    700002 99999 89999    700002 99999 89999 30 70  0  0  0 30 70  0  0  0 48 8521710  1  0  0  0  0  0  0  0  0  0   1  0   0  0   3  0  3001  275199999999999999   2511111112221111122221111111212   21112111111111111211
24331123199999 6909211 1.0000 1 119961231199639999999999999999999999999999999999999999999999999999999999999999999999999999999999999999999999999999999999999999999999999910 41  0  1  0  7  0 10  0 11  0  14  0   0  0  85  099999999999999999999999999999999299999999999999999999999999999999999999999999999999
24331123299999 1107983 4.3256 1 11996123119962999999999999999999999999999999999992121  11595552109999 99999  12299312109999 99999  2 94  0  4  0  2 94  0  4  0 2099999910 12  0  0  0  1  0  0  0  2  0   9  2   0  0  25  2 12351 1048199999999999999   4711211222111111222222111122122   11212211111111111111
24331123399999 6839671 1.000010 11995 93019961999999999999999999999999999999999991112  77830962109999 99999  78345012109999 99999 24 76  0  0  0 25 75  0  0  024010558610 57  0  0  0  7  0  8  8 18  0  55  3   0  0 146 11 88931 3386199999999999999  10511221222222221222222111122122  131222121121111111111
24331123499999 3464852 1.7317 6301996 63019973999999999999999999999999999999999991111  12000002109999 99999  12000002109999 99999  1 99  0  0  0  1 99  0  0  0 48 8500010 18  0  0  0  1  0  0  0  2  0  10  0   0  0  32  0999999999999999999999999999999992111111888888822222111112112  102112221111111111111
24331123599999  42484517.6207 1 11996123119961999999999999999999999999999999999991111   1691422101994 91995   1770312101995 91996 16 84  0  0  0 16 84  0  0  0 48 9100010  1  0  0  0  0  1  0  0  1  0   3  1   0  0   6  2  3091  245199999999999999   111111112222111111888888888888188888991888888888888888
2433112369999931269661 1.0000 1 11996123119961999999999999999999999999999999999992212 231937092 39999 29999 255326182 39999 29999  0 97  0  3  0  0 97  0  3  020810648810206  0 10  0  5  0  4 46 54  0 111  2   0  0 391 48365001287001 594481 501281  73511222222221111122222222122222 1801112222222222222111
24331123799999  65664517.6207 1 11996123119961999999999999999999999999999999999991121   2358471888888888888   2988501888888888888  1 99  0  0  0  1 99  0  0  0127 9200010  3  0  0  0  1  0  0  0  1  0   6  0   0  0  12  0  6002  600299999999999999   261111112188888882122111111211188888112222222212111111
2433112389999913183221 1.0000 1 11996123119961999999999999999999999999999999999992212 117800352101995 91996 121855602101996 91997  0 96  1  3  0  0 95  1  5  0 72 9268510130  0  7  0 19  0  9 16 35  0  89  0   0  0 290 16 64751 49621 289521 215611  17811221122221111122222222122222  301222211121111111111
24331123999999 3724453 4.325610 11995 93019961999999999999999999999999999999999992221  31613672101994 91995  29447632101995 91996  0100  0  0  0  0100  0  0  0228 9400010 27  0  2  0  2  0  1  0 11  0  24  0   0  0  68  0 13611 11111  39411  31981   691121122222111112992211111222188888291888888888888888
2433112409999920001921 1.0000 1 11996123119961999999999999999999999999999999999992122 177101832101994 91995 182362652101995 91996  0 88  0 10  2  0 89  0 10  113111700010191  0  0  0  5  0  5  0 61  0  84  0   0  0 347  099999999999999999999999999  60511111222221121122222111111222  341112111121122111111
24331124199999  596854 8.4359 1 1199612311996199999999999999999999999999999999999221299999999999999999999999999999999999999999999 10 90  0  0  0 10 90  0  0  0 99 8600010  3  0  0  0  1  0  0  0  2  0   3  0   0  0  10  0  2002  1902  13002  11002   2021221211888888829922111112112   21212212222211111111
24331124299999 4955942 1.7317 1 11996123119961999999999999999999999999999999999992211  29525211888888888888  30628501888888888888  1 84  0  3 12  1 88  0  3  8156 9800010 32  0  5  0  1  0  0  0 12  0  32  1   0  6  83  7 29231 27271  66711  654819999991111221888888829922111112122   51212121111121111111
2433112439999913051851 1.0000 1 11996123119961999999999999999999999999999999999992112 155567612101994 91995 166396012101995 91996  1 80  0 15  5  1 80  0 15  528913436810137  0 11  0  4  0 11 14 53  0  87  0   1  0 305 14 91041 59881 255831 178691  30411221222222111122222111111222  381212121111111111111
24331124499999 8278181 1.0000 1 119961231199619999999999999999999999999999999999999999999999999999999999999  90128491888888888888999999999999999  0100  0  0  099999999910 38  0 14  0  0  0  6  0  7  0  50  0   1  0 117  099999999999999999999999999999999299999999999999999999999999999999999999999999999999
24331124599999  17156633.8825 1 11996123119961999999999999999999999999999999999992212   1600001888888888888   1600001888888888888  0100  0  0  0  0100  0  0  0215 7460010  0  1  0  0  0  0  0  0  0  0   1  0   0  0   2  1  2602  220299999999999999    411111111888888818888888888882   21111888888888888888
24331124699999  73161517.6207 1 11996123119961999999999999999999999999999999999992212   6374901888888888888   7475511888888888888  0100  0  0  0  0100  0  0  0 78 5700010  9  0  0  0  1  1  0  0  0  0  10  1   0  0  21  299999999999999999999999999999999211111188888882211211111211299999212221221221111111
24331124799999 141115517.6207 1 119961231199619999999999999999999999999999999999922119999999999999999999999   6907972 71996 71994 86  0  0 14  0999999999999999 60 5946310 11  0  0  0  3  0  0  0  2  0   5  0   0  0  22  0  7591999999  335619999999999999112111188888882211211111212299999112121111121111111
24331124899999   4839633.8825 1 11996123119961999999999999999999999999999999999992221    480002999999999999    480002999999999999 95  5  0  0  0 95  5  0  0  0177 3600001  0  0  0  0  0  0  0  0  0  0   0  1   0  0   0  2   211   181   20029999999999999111121188888881888888888888188888111888888888888888
24331124999999 9332632 1.7317 1 119961231199639999999999999999999999999999999999999999999999999999999999999999999999999999999999999999999999999999999999999999999999999910 219999999999999999999999999999999999   5999999999999999999999999999999999999999999299999999999999999999999999999999999999999999999999
24331125099999  56326517.6207 1 11996123119961999999999999999999999999999999999992211   2216752 71995 61996   2744712 71996 61997 76 24  0  0  0 64 36  0  0  0 82 8986110  1  0  0  0  1  0  0  0  2  0   0  0   0  0   5  0  5002  4002  35002  20002   1011111212211111122212112112112  102111888888888888888
24331125199999 123333517.6207 1 11996123119961999999999999999999999999999999999992211   3080792 79999 69999   3261112 79999 69999 60 40  0  0  0 60 40  0  0  0 21 9323110  9  0  0  0  3  1  1  0  1  0   6  0   0  0  21  1  880199999999999999999999   391112112212111112222211111211299999222211211111111111
24331125299999  29879633.8825 1 11996123119961999999999999999999999999999999999992211   2650002 79999 69999   2706482 79999 69999 85 15  0  0  0 85 15  0  0  0108 7900010  2  0  0  0  0  0  0  0  0  0   2  0   0  0   5  0999999999999999999999999999999992111212121111122212111112112  112212111111221111111
24331125399999  40767517.6207 1 11996123119961999999999999999999999999999999999992111   4000272 79999 69999   4304642 79999 69999 65  0 35  0  0 65  0 35  0  0 36 8000010  5  0  0  0  1  1  0  0  0  0   2  0   0  0   9  1  5232999999  500029999999   2421221212211111122222211112112   41211888888888888888
24331125499999 1387573 4.3256 1 11996123119961999999999999999999999999999999999992121   8591272 71994 61995   8849542 71995 61996 80  0 10 10  0 80  0 10 10  0 15 9323110 16  0  1  0  4  0  2  0  0  0   8  0   0  0  32  0  8251999999999999999999999999991111211888888822222111112112  191121888888888888888
24331125599999 1761223 4.3256 1 11996123119961999999999999999999999999999999999992121  17948492 71995 61996  23564332 71996 61997 33  0 67  0  0 33  0  0  0  0 73 9823110 18  0  0  0  6  0  0  0  1  1  13  1   0  0  39  2 28571999999  167719999999   471121122222111112222211111211299999222221121111111111
24331125699999  382344 8.4359 1 119961231199619999999999999999999999999999999999922219999999999999999999999   5883922 71995 61996 35  0 65  0  0 35  0 65  0  0 72 7580010  8  1  0  0  0  0  1  0  0  0   3  3   0  0  13  499999999999999999999999999999999211121212111112122211111211299999222211111121111111
24331125799999 4303852 1.7317 1 11996123119961999999999999999999999999999999999992111  24719652 79999 69999  27494622 79999 69999 37  0 62  1  0 35  0 64  1  0 8410484510 22  0  3  0  5  0  8  0  3  0   8  2   0  0  50  2 64611 56221  19271  13881  53011211221888888821222111112112   11221888888888888888
2433112589999916194111 1.0000 1 11996123119961999999999999999999999999999999999992222 250000002999999999999 260000002999999999999 18 80  0  2  0 18 80  0  2  020410900010211  0  5  0 13  0 21  0  2  0 180  0   0  0 433  0999999999999999999999999999999992222211888888822222111111122  422221888888888888888
24331125999999 6572721 1.0000 1 11996123119961999999999999999999999999999999999992122 121162761888888888888 137759871888888888888  0 75  0 25  0  0 75  0 25  0120 9906210102  0  3  0 16  0 12  0 12  0  59  0   0  0 205  0 49001999999 1507019999999  16411222222222221122222111112122  252212111111121111121
24331126099999 5461022 1.7317 1 11996123119961999999999999999999999999999999999992222  95616061888888888888 101599161888888888888  3 78  1 18  0  3 76  1 20  0 24 8076010 66  3  6  0  5  0 12  1  1  0  54  3   0  0 145  7 19691 1809199999999999999  21711211121888888821222111112122  951221888888888888888
24331126199999 4049202 1.7317 1 11996123119961999999999999999999999999999999999992222  54265001888888888888  56000001888888888888 29 70  0  1  0 29 70  0  1  0 24 8890010 61  0  0  0  5  0 18  0  2  0  40  0   1  0 128  0 23931 22002 1700029999999  11911222221888888821222111112112  151222211221121111111
24331126299999 2162343 4.3256 1 11996123119961999999999999999999999999999999999992222  31741412999999999999  34354202999999999999 25 69  2  4  0 25 69  2  4  0252 9901510 30  0  2  0  5  0  8  0  0  0  30  1   0  0  76  1 18481 13431  36541  22291   4811222211888888822212111111122  201112111121111111111
24331126399999  961784 8.4359 1 11996123119961999999999999999999999999999999999992212   6000002 71995 61996   6700002 71996 61997  0 95  0  5  0  0 95  0  5  0 80 6000010  5  2  0  0  0  2  0  0  2  0   3  0   0  0  11  4  2502  2002 100002  85002   3511211211888888822122111112122   52111888888888888888
24331126499999  15387633.8825 1 11996123119961999999999999999999999999999999999992212    808312 79999 69999    897532 79999 69999  0100  0  0  0  0100  0  0  0144 3600001  0  1  1  0  0  0  0  0  0  0   0  0   0  0   1  2999999999999999999999999999999992111121888888818888888888882   11122111211111111111
24331126599999  42431517.6207 1 11996123119961999999999999999999999999999999999992212   2252482999999999999   2333692999999999999  0100  0  0  0  0100  0  0  0144 7000010  0  2  0  0  0  0  0  0  1  0   2  0   0  0   4  299999999999999999999999999    51111111188888881888888888888188888111888888888888888
24331126699999  32866633.8825 1 11996123119961999999999999999999999999999999999992211    789931888888888888    878011888888888888 60 40  0  0  0 60 40  0  0  0189 6500010  1  0  0  0  0  1  0  0  0  0   2  0   0  0   4  1  1531  1171   3301   3021    91122121188888882211211112111299999212211111111211111
24331126799999  43051517.6207 1 11996123119961999999999999999999999999999999999992221   3100001888888888888   3250001888888888888 64 36  0  0  0 64 36  0  0  0 72 6400010  2  1  0  0  2  0  0  0  0  0   2  2   0  0   7  399999999999999999999999999    421221212211112122112121112122  102112111121211111111
24331126899999 9222431 1.0000 1 11996123119961999999999999999999999999999999999992211 125251611888888888888 132823871888888888888 54 29  0 17  0 52 31  0 17  0336 7775810 93  6  0  0 33  0 12 13  8  0  80 18   0  0 227 37 74041999999 2638719999999  2601111122212111112222211112212299999219999999999999999
24331126999999  26191633.8825 1 11996123119961999999999999999999999999999999999992221   1907751888888888888   1939351888888888888999999999999999999999999999999240 3618801  1  0  0  0  0  1  0  0  0  0   1  1   0  0   2  399999999999999999999999999    211111111888888818888888888882   31111888888888888888
24331127099999 3437973 4.3256 1 11996123119961999999999999999999999999999999999992212  14461211888888888888  15484291888888888888100  0  0  0  0100  0  0  0  0104 8600010 18  0  0  0 13  0  5  0  1  0  25  0   0  0  63  099999999999999999999999999999999222221212111112222211212112299999212221221221111111
24331127199999  13971633.8825 1 11996123119961999999999999999999999999999999999992212   1700002 61995 71996   1910002 61996 71997 14 86  0  0  0 12 88  0  0  0 24 5300010  2  1  0  0  0  0  0  0  0  0   1  1   0  0   4  2   702   702   3002   2852    211211211888888818888888888882   22121888888888888888
24331127299999   8425633.8825 1 1199612311996199999999999999999999999999999999999221299999999999999999999999999999999999999999999999999999999999999999999999999 47 4860010  0  0  0  0  0  0  1  0  0  0   0  0   0  0   2  0   571   501  28371  27002    511111121888888818888888888882  352112111111111111111
24331127399999 2984692 1.7317 1 1199612311996899999999999999999999999999999999999221199999999999999999999999999999999999999999999999999999999999999999999999999300 9370010 20  0  0  0  2  0  0  0  9  0   7  0   0  0  39  099999999999999999999999999999999211122212112112222211112211299999222111121111111111
24331127499999 8593102 1.7317 1 11996123119961999999999999999999999999999999999992222  51589782999999999999  53044862999999999999  0100  0  0  0  0100  0  0  0  9 9683710 80  0  4  1  6  0  4 10 12  0  44  7   0  0 151 18 23171 21371  861119999999   3411222212211111122222211122112   92222111111121111111
24331127599999 8169992 1.7317 1 1199612311996199999999999999999999999999999999999221199999999999999999999999999999999999999999999  0 99  0  1  0  0 99  0  1  0  210200010 47  2  2  0  2  2  8  1  3  0  28  4   0  0  91  9 17002 14802 150002 100002  2252121122222111112222211111112299999112121111111111111
24331127699999 6867742 1.7317 7 11996 630199719999999999999999999999999999999999922129999999999999999999999  36000002 71996 61997999999999999999 86  0  0  4 10216 9571010 59  3  2  0 22  2  0  0  0  0  40  8  10  1 134 14999999999999999999999999999999992221222111112122222111111122   42222221121111111111
24331127799999 6373882 1.7317 1 119961231199619999999999999999999999999999999999922219999999999999999999999  53000002999999999999 90  0  0 10  0 90  0  0 10  0240 9571010 50  0  0  0 18  4  0  0 20  0   0  0   0  0  89  4  2171  182199999999999999   261121122211111212221211112212299999222211211111111111
24331127899999 7195452 1.7317 1 11996123119961999999999999999999999999999999999992222  55401552 71995 61996  59987292 71996 61997100  0  0  0  0100  0  0  0  0245 9570010 78  0  0  0 14  0  0  0  0  0  34  0   0  0 127  0999999999999999999999999999999992221222111112122212111111122   21222221221111111111
24331127999999 7346252 1.7317 1 11996123119961999999999999999999999999999999999992221  45073822999999999999  47555632999999999999  0 90  0 10  0  0 90  0 10  0144 8534610 49  0  2  0  4  0  0  0  8  0  33  0   0  0  97  0 63301 60101  70041  66531  20011122111888888822222111112122  122212111111121111111
24331128099999 7087822 1.7317 1 119961231199619999999999999999999999999999999999999999999999999999999999999999999999999999999999999999999999999999999999999999999999999910 32  0 12  0  1  0  1  0 30  0  34  0   0  0 111  099999999999999999999999999999999299999999999999999999999999999999999999999999999999
