95791100100000000000000000                                99999350434210004342100 10580071890630901141005009990000000999422991211122222211122211112011119993111191911111991999100109900010021222112909800000200010021000000100001001139299999999911906062923299999999999999129121213111333211229999991223010580000348
95791100200000000000000000                                99999282910710029107100  1630071890630901142000029990000000999422991211211111211111211122006119992111111199991999199202507500010022999999900000010000010022085000015001001313111111111991906062913129990909999000111111113311322111129999991223001630000005
95791100300000000000000000                                99999471648000016480000  1670071890630901142000029990000000999422991211212112211111111112003191992299999999999919999110000000010021112221300003007000010022000000100001001313111111111991906061113129991809999001111111113311331111119999991123001670000006
95791100400000000000000000                                99999282910710029107100  1680071890630901121001009990000000999422991211211221211122211112003111992191911919191991999108002000010022999999900009001000010022100000000001001329111199999911904042913299999999999999111111113111112211219999991223001680000027
95791100500000000000000000                                99999360807690008076900 12470071890630901141008009990050000999192991222112222222222211122005119991111199999911919999300509500010021121122909000001000010021100000000001001329111111119991910101213299999999999999129291313321222211219119111223012470000346
95791100600000000000000000                                99999320191300001913000 61700071890630901241246009990030000999211112992212121122222211122026111991111119119111991199110000000010021122111309000001000010012100000000001001313299999999911906101113121000709999006111121213112222121121191191123061700002266
95791100700000000000000000                                99999282910710029107100  3630071890630901142006019990010000999322991221111111111111111122012191992191111111111999919110000000010021122222900109900000010022100000000001001329299999999991903052913129999990060000111111113113333211221111111223003630000070
95791100800000000000000000                                99999350434210004342100  9640071890630901161005029990020000999222991111111111111111111111021119993111911111911991199200000010010021121112909900000100010021050000050001001329111199999911999992913299999999999999111121213311322111219999991123009640000145
95791100900000000000000000                                99999220191300001913000 64470071890630901141041059990100000999212991212111121211112211122016111193111111111111111119110000000010021121112903006001000010012060000040001002913299999999991906062913121809999999001111121213111333121229999991223064470001400
95791101000000000000000000                                99999340208820001952939 11170071890630902181005010510010000010222992991111111211121211112009111993111111111111911119300000010010011121111109200400400010022100000000001001313111111111991904081111121809999999000111111111112212211219999991222011170000204
95791101100000000000000000                                99999310100000001000000121170011891231891141102009990340000999212991221112121121121111122035119993111111111111111999100010000010021112121109700300000010012000008092001001313111111111191910101212299999999999999111121213311332111221119111223121170004233
95791101200000000000000000                                99999271648000016480000  2590071890630901142000039990000000999422991211212111121111111111008199191111111119911911999110000000010022999999900010000000010022100000000001001313111111111991912121213119999990180000111111113133333111219119111223002590000054
95791101300000000000000000                                99999371648000004717659  3350071890630903141006000600020000020422991212222111122221211122012199192191111119911111999300000010010041111211109800000200010022000002098001001329111111111111906062911129999990270998129121211311332111219999191222003350000204
95791101400000000000000000                                99999240208820002088200 19940071890630901141023009990040000999322991211111111111111111112035191993111111119111911199110000000010021121112900100000009910011100000000001001329111111919191903052913129990609999001111111113112222211211111111123019940000335
95791101500000000000000000                                99999450434210004342100 29280071890630901141024009990010000999422991121121222211122212122014111192111111911111911199110000000010021111112905504400100010021000005095001001329111111111191906062913110609999999001129291213111322111219999991123029280000915
95791101600000000000000000                                99999420191300001913000 73160071890630901141102009990390000999211111121111111111221211111028111993111111111111199991110000000010021121112900104000005910012000000099011001329299999999991910101113129999990060175111111111212122122229999991123073160004025
95791101700000000000000000                                99999471648000004717659  3260071890630903141015001500020000020322991121212121222122211122007191992111111119111111999101208800010021112121109000500500010011090000010001001329119111111911903051113121809999999001111111213313333111219999991122003260000510
95791101800000000000000000                                99999250434210004342100 16480071890630901141012009990020000999321111121212211121121211111007111991111111919911991199110000000010022999999900010000000010011100000000001001329111111119991912121213119999990180001111111111211212111219119111223016480000432
95791101900000000000000000                                99999360807690003688413  5830071890630905141005001100000000000322991221211112211111111122021119192111111111111911119110000000010022999999900010000000010022000000100001001329111111119991905051113299999999999999112291113321322121219999991222012826000374
95791102000000000000000000                                99999460807690008076900 11240071890630901141012009990000000999422992991211122211122211222006111992191119199911919999106004000010022999999900000000010010011050000050001001329199199999991906061213119999990090000129291212122222211229119112123011240000419
95791102100000000000000000                                99999360807690005530756  9040071890630902161004030640010000020222991211111111211111111112006191992111111111111911999110000000010021111212900509500000010012100000000001001329111999999991906062912129991809999000112111129999999111221111111222012914300340
95791102200000000000000000                                99999440208820002088200 23970071890630901141039009990110000999422991211111111111111111111006111993111111119911911199110000000010021111222900203006800010011000000098021001313111111111111904041113129999990060000111111312211122211211111111223023970000296
95791102300000000000000000                                99999271648000016480000  1980071890630901121001009990000000999422991111122111122122211111011111992111111119111111199107502500010022999999900008501500010022100000000001001112111111199911904041123119999990090000129131312111221211119999991223001980000011
95791102400000000000000000                                99999450434210004342100 29790071890630901141030009990080000999212991121111111211121211111012111193111111111111919999210000000010021122222900010000000010011000000100001001329299999999919910101113129990609999000111111112112222111129999991123029790000553
95791102500000000000000000                                99999330100000001000000 38920071890630901161018009990060001999222991121222122222121111122016119991111111111111111199300209800010041111111109900100000010012000000098021001329111199999911999991113299999999999999129121211312332122229999991223038920000957
95791102600000000000000000                                99999271648000016480000  2560071890630901142000029990000001999422991111111121122121211112010119991111111119111999911110000000010022999999900002008000010022100000000001001129111111111191906062913119999990180000111111113131332212211111111223002560000020
95791102700000000000000000                                99999320191300001913000112860091880831891141063009990330000999222992991112112122112111112037111991111111111111911999110000000010021111111308300001700010012000100000001001129111111111111910102913299999999999999129291213331333111211111111223112860003422
95791102800000000000000000                                99999482910710029107100  2160071890630901142000029990000000999422991211111111122111111112006191992111111119111919919105005000010022999999900010000000010022000000100001001329299999999919904041213129999990120000111111112111331111129919991123002160000025
95791102900000000000000000                                99999382910710004805444  1560071890630905161005060560010001011222991111221111211121111122019119993111111111111919999202507500010021111211109800100100010012000002098001001313111111999991999992913123653659999000111121213311112111219999991222001560000374
95791103000000000000000000                                99999450434210004342100  9410071890630901141014019990010000999422991221212111122111111122013191993111111111111911991110000000010021111112908001001000010011005000095001001313111111111919906061113111509990120000111111111111222211219999991223009410000325
95791103100000000000000000                                99999130100000001000000 41410071890630901142009049990020001999322991121121122211121211122041111991191911119991911999301508500010032999999900001009000010011100000000001002929111199999991907072921113659999999005111111113112133111211111111123041410000091
95791103200000000000000000                                99999130100000001000000 59510011891231895121070007000050000050222991111112111122221211122045111994111199911111991999310000000010041122112901508500000010022023077000001001329299999999991906062911129999990180000111131311211222211221191191222059510002380
95791103300000000000000000                                99999120191300001913000 67540071890630901141064009990000000999221111121112221211121211112075111991111111111111911119100509500010021112111100100009900010012100000000001001313299999999919904042913129993659999000112121211311222211229119111223067540000574
95791103400000000000000000                                99999420191300001913000225700071890630901141187009991080000999311111221211111211121211112030191193111111111111911999110000000010021111212900109700200010011000000100001001313111191919991910101113119990609999085129291213311232111129999991223225700003659
95791103500000000000000000                                99999271648000016480000  9400071890630901141007009990000000999222991221111111211111211122010119992111111111111991199110000000010022999999900007003000010011000000100001002939119111111991905051113111809999999001111111111311133211229119111123009400000206
95791103600000000000000000                                99999330100000001000000 21590071890630902141013001300040000040322991111112111211122211122018191991191911911111911119200010000010021112111109500000500010021000000100001002913111111111919905102913111809999999000129121212211122111119999111222021590000442
95791103700000000000000000                                99999382910710004002751   620071890630905181001000500000001011322991211211111111221211122020111994191919999119991199200509500010041222111109800000200010022000100000001001111299999999991904081113299999999999999111131112122222211219999991122003100000170
95791103800000000000000000                                99999271648000016480000  3150071890630901142000029990000000999322992991221122211122211122009119991111111199111991199110000000010021122112900100500009410022100000000001001313111111111191912121113110700700070000111291229999999111219999991223003150000032
95791103900000000000000000                                99999310100000001000000118700071890630901141145009990200000999212992991112111212121211112030191192111111911111911199110000000010021112111100409600000010012000100000001001313299999999911906061115121759999999002129131311311112111119119111123118700012909
95791104000000000000000000                                99999382910710010654720  1100071890630902161002010320020000020192991211221111211121211122004119991191111999911999999202008000010021111212910000000000010012000000100001001129111119999191908082913299999999999999111121211121222111119999991222001833300170
95791104100000000000000000                                99999130100000001000000 54360071890630901141025019990170000999222991121111111211121211122050191191111111111111911199107502500010021122112900509500000010012100000000001002929111199999991907072923129991809999000111121213112122111111111111123054360000913
95791104200000000000000000                                99999240208820002088200 40340071890630901141045009990180000999321111222211112211112211122001191993191191919111999999110000000010021121122906004000000010012000100000001002929299999999991906062913299999999999999112121212222122111129999991223040340002827
95791104300000000000000000                                99999382910710014807940  2720071890630903122000030060000000000322992991111111111111111112003119991191111119111991999210000000010022999999900000000010010022000100000001001329111111111991906081113123653659999000129291211211321211229999991222005440000204
95791104400000000000000000                                99999240208820002088200 49530071890630901141044039990040000999192991121111111111111111122050111991191111919911999999110000000010021111122905000001004010012100000000001001313111111111911907072913111201609999000111291111311133211219999991223049530000813
95791104500000000000000000                                99999250434210004342100 26780011891231891141019009990020000999222991121211121211121211122010111993111111111111991199110000000010022999999900005005000010011000000100001001329111111111991905051111119991809999000111291129999999211229119111123026780000759
95791104600000000000000000                                99999330100000001000000 35690071890630902121026002610060000060422992991122122211121211122006191991111119111111911999300010000010022999999900000000010010012000000100001001329111111111991906061113123659999999020111121213313133211119999991112037062700918
95791104700000000000000000                                99999360807690008076900  8460071890630901181004009990000000999222992991212222211111211122004191991191911199911911999102507500010031111111110000000000010022100000000001001329111111199991904081111299999999999999111111113211122221219999991223008460000172
95791104800000000000000000                                99999282910710029107100   760071890630901142000029990000000999222991211112122111111111112004199192111111111111919999107502500010022999999900003506500010022000000100001001129111111111191906061213299999999999999111111111211222111111111111223000760000005
95791104900000000000000000                                99999340208820003795376 11730071890630902141009000900000000000222991211111111211121211112012119991111911111111991119200509500010021212111109000500500010022000005095001001111111999999991906061113299999999999999129121213111332221229119991222011730000306
95791105000000000000000000                                99999371648000004985191  2510071890630904181002000200000000000322991211221122211121212122004191992111119111911919999103007000010021112111109500000500010012000025075001001329111191119991904081113129991809999000111111111313133111219999991122002510000068
95791105100000000000000000                                99999482910710005284839   990071890630906141002000600000000010422991221112212222121221112026111991119911119111991199110000000010022999999900000000010010011010000090001001329111999999911905052923129999990180000111111113113133111219999991112002970000204
95791105200000000000000000                                99999371648000014807940  5590071890630902162000030030000000000222992992222222222222222122005191992191919999111991199301009000010041121121109500500000010012000000100001001329299999999991905081211299999999999999112292913111333112229999992222005590000102
95791105300000000000000000                                99999282910710029107100   480071890630901142000019990000000999422991122211122211121211122003191993111911999911999999110000000010022999999900002507500010022000000100001001313111111199911903061213299999999999999111111113331332111119999992213000480000006
95791105400000000000000000                                99999382910710010043480  1490071890630903162000010010010000010422991222222112221222211122006191992111111119111919999207502500010021111121110000000000010022050000050001001313111111111991905082913299999999999999111291211221222211119999991222001490000034
95791105500000000000000000                                99999382910710029107100   610071890630901142000019990000000999422992991111111211121211112003119993111111199991999999205005000010021222121110000000000010022000000100001001329111119999919904041213121809990270000111111112221211211219919992223000610000011
95791105600000000000000000                                99999310100000001000000 81980071890630901181066009990210000999211112991222222222222211122008111991111111111111199991100000010010021212111109800100100010011000000100001001129111999999991903061112129991809999001111291212311222221229999991123081980002302
95791105700000000000000000                                99999371648000016480000  2530071890630901142000029990000000999222992991112222122111111122002119992111911111911999999201009000010031112121101009000000010012100000000001001339111111119111904041113119999990120000111291312211321211219119991223002530000075
95791105800000000000000000                                99999420191300001913000129250071890630901141137009990170000999212991121211111111122211112023111193111111111111991999210000000010021122212900010000000010022000000100001001329299999999911910101113119999990060000111111113113333211219999991123129250003046
95791105900000000000000000                                99999282910710029107100  1370071890630901142000069990000000999322991121111111111111111122004191993191191119911991999109900100010021122212900010000000010022100000000001001339111111999991903051223129999990060000111121212113133211129999991123001370000011
95791106000000000000000000                                99999160807690008076900 15340071890630901142002029990020000999212991221121122212222211122022111993111111199911991999105005000010032999999900004006000010022100000000001001313111999999919907052911119991809999002111131311112222211111111111123015340000189
95791106100000000000000000                                99999350434210004342100 12180071890630901141010009990030000999422991211112112211222211122005119991111111119911919999210000000010021121221109800000200010012000100000001001313111111119991910101213299999999999999129121211211222111219119111223012180000574
95791106200000000000000000                                99999350434210004342100  9770071890630901141010009990000000999422991221111111111111111111006111991111111111911191999101009000010021212121101008500500010012010000090001001313111119999911904041113119999990150000111111112221333111219119991223009770000434
95791106300000000000000000                                99999371648000016480000  4080071890630901141003019990010000999322992991122112211121211112004119992111911111111991999201009000010021212221301508000500010022020000080001001312111119999911904041113129999990152002111111113331321211119919991223004080000037
95791106400000000000000000                                99999330100000001000000 54470071890630901141026009990140000999192991222221222212222211222015191993111111119111911999100109900010021112111109900000100010012100000000001001329111119919111910202913129999990180000129121213111333221219119111223054470001778
95791106500000000000000000                                99999182910710029107100  5610071890630901142000059990010000999222991221111122211121211122035191991111111119911911199110000000010022999999900004006000010022100000000001001329111199999991907071213119993659999000111111329999999211211111111123005610000069
95791106600000000000000000                                99999360807690010654720 12890071890630902141008000800050000050422991112122111211222211122004111991111111119111911999210000000010021111222909900000100010012000000100001001113111111111991910101113299999999999999111111113311313112211191191222012890000272
95791106700000000000000000                                99999282910710029107100  1430071890630901142000029990000000999422991211211111211111111111007119992111911119991999191202507500010022999999900000010000010022000000100001001329111111111191904042913129990909999000111111113111222111129919911223001430000009
95791106800000000000000000                                99999350434210000000000 13600071890630904141019003920080000080422992991211111122111211112008111992111111111111911199210000000010021122222900500500009010012000000100001001329299999999911906061211121759999999000111111129999999111119999991122000000000000
95791106900000000000000000                                99999382910710003914044  6250071890630903141012001200050000050192991221121222211122111122003119991111111111111991199309900100010021122122909800000200010012099000001001002913111999999111910202913129999990270003112291229999999222219119111122006250000408
95791107000000000000000000                                99999282910710029107100   400071890630901141001009990000000999422991221111111211111111112003199191299999999999999999110000000010022999999900006503500010021100000000001001329111111111191906061213129999990180000111111113113333121219119111223000400000005
95791107100000000000000000                                99999450434210004342100 21790071890630901141019029990030000999312991121222111222121211122008111991111911119111991199108501500010021122212900209000800010022000005095001001329111111919991905051223129999990180000111121212211221211119999991213021790000617
95791107200000000000000000                                99999371648000016480000  3270071890630901142000029990000000999322991111111111222111211112009119991111111111111991199206503500010021222121103006001000010022030000070001001329111119999911904041123119999990270000111111113321321112219119991223003270000026
95791107300000000000000000                                99999340208820001866121 12700071890630902141004040440030000030222991221222122222222211222014111993111911119111991199300509500010021112111110000000000010022100000000001001329111111191919910051213299999999999999129121229999999111219999991222012700000272
95791107400000000000000000                                99999282910710029107100  2270071890630901141002009990010000999322991111111122222121111122006119992111991919111999999100010000010022999999900000000010010012003000097001001339111111111111906061213129990909999000111111112111322111119999991123002270000019
95791107500000000000000000                                99999310100000001000000278670071890630901141190009990520000999212991211212111221121211112070119991111111111111991199110000000010021111121207500002500010011000100000001001329299999999991910101115299999999999999129121211311131111119119111123278670013332
95791107600000000000000000                                99999371648000006376496  6060071890630904142002010210000000000322991211222211222222211122025119191111991911111991999201009000010021121222909900000100010012100000000001001312299999999991910101213299999999999999111111113131122111219119111222006060000102
95791107700000000000000000                                99999250434210004342100 21160071890630901141022009990000000999421111111111111111111111111008191993111111111111911999110000000010022999999900002507500010011000000100001001329111111111111906062913129991809999000111111129999999211121911911113021160000301
95791107800000000000000000                                99999250434210004342100 24420071890630901141013029990020000999422992991121111211121211122010111991111111119191991199110000000010021112212900109900000010011000100000001001329111111119111910101113110709999999000111131112112222111119999991123024420000348
95791107900000000000000000                                99999140208820002088200 54220071890630901251056009991100000999212991121112221222222211122018191991111111119911111991100509500010011121212909000001000010022000000100001001113111199999919906102913299999999999999111111113111122211219119111123054220001417
95791108000000000000000000                                99999410100000001000000858780071890630901141722009992140000999212991121212111112121211122059111193111111111111911199210000000010021111222900109900000010012000001099001001313299999999919910101111119990609999998111291111212122111221111111123858780038542
95791108100000000000000000                                99999150434210004342100 18980071890630901142005069990060000999212991111122112211122211112042191191111911911111991999200509500010022999999900000010000010012100000000001001313111111119991907072913113659999999000111111113111233211111119111223018980000128
95791108200000000000000000                                99999440208820002088200 55910071890630901141083009990050000999411112991111222111111111122023111992111111111991911999110000000010022999999900000000010010022100000000001002929111111111191903032913110609999999000111121213113333211129119111123055910002158
95791108300000000000000000                                99999371648000010654720  3490071890630902141002000200010000010192992992222222222222221122011119993111991999191991999210000000010021111122909500000500010022100000000001001329111999999991910102913299999999999999129291212222222222219119111222003490000068
95791108400000000000000000                                99999130100000001000000 37870071890630901141013019990110000999322992991221122211222211112026111991119111919991911199202008000010022999999900007003000010021100000000001001129299999999919907072913123653659999000111131212112222211219199192223037870000404
95791108500000000000000000                                99999282910710029107100   830071890630901142000029990000000999422991211211111211112211122004191993111911999119911999110000000010022999999900005005000010011000000100001001129111111111991903031113299999999999999111121229999999111119999991223000830000017
95791108600000000000000000                                99999350434210002084642  8510071890630905141001030230010000010222991221212222222122211122005111993111119199911991199100007502510031112111110000000000010012000100000001001313111111111991905101113299999999999999111131329999999211219999992222010637500170
95791108700000000000000000                                99999350434210003795376  7790071890630902141007000700030000030322992991211112211121111122004191992111911111911919199302008000010021111121109500000500010022000010090001001311111111991991910201113299999999999999112111112231111211219119111222007790000238
95791108800000000000000000                                99999150434210004342100 33150071890630901141004139990050000999222991111111111211111211112025111993111911111111991199109500500010022999999900003506500010012100000000001002913111199999911907071213119993659999002111121229999999111221111111123033150000111
95791108900000000000000000                                99999120191300001913000 79440071890630901281026009990090000999312992992222111222122211112015191993111111111911991999110000000010022999999900000000010010022000000100001001329299999999991908082913112409999999000111111112212222211221111112223079440002737
95791109000000000000000000                                99999382910710014807940  1310071890630903161007000700010000010192991221222222222122121122012119993111911191111911199210000000010021111111110000000000010012000085015001001113111919999191999992913299999999999999111291112212222111119999991222001310000238
95791109100000000000000000                                99999330100000001000000 28590071890630902141022022230030000031322991221212111222121211122012191993111111119911999919106703300010021111111110000000000010022100000000001002929111111111919905101123299999999999999129121213211332211119999991122029781200850
95791109200000000000000000                                99999110100000001000000 95870071890630901141088009990130000999212991122222111222121211112025111991111111111111991199200209800010021112211106400003600010011000002098001001129299999999911910102913129991809999000111111129999999111121111111223095870001053
95791109300000000000000000                                99999340208820000000000 18280071890630906141001003400010000090412992991112111122111211122010191993111111919111911199110000000010021111122900200000009810012100000000001001313111111119111906061113121809999999000129121212112222211119999992222000000000000
95791109400000000000000000                                99999210100000001000000 93010071890630901121084029990070000999422992991222111211121211112018111993111919119111991999110000000010022999999900006004000010012000000100001001129299999999991904041113299999999999999111111113132222211119999991123093010002063
95791109500000000000000000                                99999350434210004342100 26400071890630901141018009990080000999192992991112122111122111112025119991111111111111911199300010000010021121122909900000100010011100000000001001313111111111191910101113299999999999999111111111133133221219119111223026400000423
95791109600000000000000000                                99999410100000001000000202950071890630901141202009990410000999312991121112121122111111112037191191191111111111911999110000000010021122222905500000004510011000000045551001313111111111919906061113121509990090000111121112111132111219999991223202950007830
95791109700000000000000000                                99999360807690006370034  9750071890630902142006010610010000010322992992222122212222211122015119993111111119911911199108002000010021111121109500000500010011100000000001001313111111111191910101213299999999999999111111112212322111111191191222009750000238
95791109800000000000000000                                99999330100000001000000 29180071890630901181016009990040000999191112991222111222221211112009111993111111111911991199300010000010011111111109500400100010022000020080001001329111199999911904081212129991809999000111291212121222111219999991123029180001744
95791109900000000000000000                                99999371648000006376496  2960071890630904141003010730020000020322991221211222211111211122007119992111111111111919999110000000010022999999900008501500010012000000100001001313111999999991905051213299999999999999111291113311333121119999191222007400000340
95791110000000000000000000                                99999450434210004342100  9590011891231891141011009990000000999222991211121111111122211122008111192111111111111911199110000000010021121212909500200300010011050000050001001329299999999911906062913110609999999006129291213133333211119999991223009590000480
95791110100000000000000000                                99999330100000001000000 55630071890630901141044009990180000999212991211122222222222211122023119991111111111111911199200109900010021111122909800000100110022000001099001001313111111119191910101113299999999999999111111111221312111229199191223055630002656
95791110200000000000000000                                99999371648000016480000  4720071890630901141001009990000000999422991211122121111121211111008119992111111111911991999205005000010021222121100000000010010022005000095001001329111119999991904041213119999990270000129131313322222211219919991223004720000071
95791110300000000000000000                                99999260807690008076900  6160071890630901142004019990010000999192991212221222211212111122006191991191991919911991999110000000010021121112903503503000010021001000099001002929111111111991906062923299999999999999111111129999999111129999991223006160000134
95791110400000000000000000                                99999350434210004342100 41760071890630901141029019990020000999422991221121122211122211112003191993111111111111911999200209800010021122111102502505000010022002000098001001113299999999919904042913129999990180010111131329999999111129999991223041760000587
95791110500000000000000000                                99999382910710000000000   510071890630905142000030030000004004322992992112111211221211121010119991111111111111119999201009000010041121122909900000100010022100000000001002939111111111991910101113299999999999999129292929999999111119119111112000000000000
95791110600000000000000000                                99999410100000001000000143200071890630901141156129990360004999212991221122111211221111112013111991111191111111919919110000000010021122212900004000006010012000000100001001313299999999991910101111120870659999000111111312113133211129999991123143200006651
95791110700000000000000000                                99999171648000016480000  4310071890630901142000029990000000999422992991111122211122211122004191993191911919911991999201009000010022999999900010000000010022100000000001001113111111111119907072911119993609999001111292912112222212211111111123004310000015
95791110800000000000000000                                99999171648000016480000  4790071890630901141001049990000000999222991222222221222121211112007111993111111111111911199201009000010021121112907500002500010012020020060001002913119999999911915151113121809999999000111111111313333111129119111223004790000084
95791110900000000000000000                                99999460807690008076900  6000071890630901141005009990010000999192991211111111111122211112010111992111111111111911199110000000010021122112900502007500010022000005095001001329111111911991906062913110600609999000129291229999999211219999991223006000000282
95791111000000000000000000                                99999340208820001702551 14310071890630902141006010810030001031322991111112111111121211112012111193111191991111991199310000000010021212112909500000500010022100000000001002913111111111119905052913121809999999000129291229999999211119999112222018398600306
95791111100000000000000000                                99999110100000001000000150990012891229891141450009991150000999412991122222111222222222122006191193111111119991991999110000000010021112111109700000300010012000000100001001329299999999911915152913129991809999050111291213312222211129119111213150990010829
95791111200000000000000000                                99999360807690008076900  6720071890630901141003009990010000999422991212222112221222211122005111992111119111111911999110000000010021111111107000003000010011030000070001001129111999999911906061123129999990270000129121211221333111119999191223006720000244
95791111300000000000000000                                99999430100000001000000 56370071890630901141071019990050000999411211221211222111121111111008111192111111119111911199110000000010021111112910000000000010011000033067001001329299999999991906062913129999990090002129131312112322221219999991123056370003961
95791111400000000000000000                                99999210100000001000000100880071890630901141109009990120000999322991121111221211112211212042191993191111119991911199110000000010021122222900100000009910012100000000001001329299999999911903051223129999990060000111131313112322211129199191123100880002469
95791111500000000000000000                                99999250434210004342100 25210071890630901141028019990010000999322991121112111222111111111025191911111111919911919199110000000010041121122903005002000010012100000000001001329111999999991907072913111609999999000111111113312212121219999991223025210000561
95791111600000000000000000                                99999382910710000000000  1650071890630904141008020820030000030422991121222221212122112112007111993191111911911991999201009000010021112111106000004000010022000000100001002939111111111119905101113299999999999999129121229999999211219999191222000000000000
95791111700000000000000000                                99999371648000004051308  2180071890630904141007000700010000010322991211221121111121111112005119992111911919111991999310000000010021121112910000000000010012100000000001001129111111111911910201112129993659999006129291213321132211219119111222002180000238
95791111800000000000000000                                99999350434210002403680  4160071890630904141002000900000000010192991221221122211122211122010119993111111919911911991200009001010021212112909500000500010012000001099001001111111999999191906061123299999999999999129121212111112211129999991222018720000306
95791111900000000000000000                                99999410100000001000000237040071890630901141230009990800000999211111221111111211121211222037111993111111111111919999210000000010021112212900010000000010022000000100001001329299999999919910101113129990609999000111111112113133122229999991123237040010630
95791112000000000000000000                                99999140208820002088200 27700071890630901141007049990040000999211111121121122221121211122020111193111991911111991199300109900010021112212900010000000010021100000000001001329111199999991907072923113659999999000112111112112222122221191191123027700000308
95791112100000000000000000                                99999110100000001000000135430071890630901141080009990200000999222992991212121212122211122129111994111111119911991199101009000010021112112900209500300010011100000000001002929299999999999107072913113609999999010112121111212222211121111111123135430002528
95791112200000000000000000                                99999430100000001000000 52000071890630901141067009990190000999212991121211111111121211122025111993111111119111911119210000000010021122222900006004000010012000000100001001329299999999919910101113129990609999000111111113113222211119999991123052000001663
95791112300000000000000000                                99999282910710029107100  3560071890630901142000039990000001999421222991211122211122211122005191993191111199111911199110000000010021122222900000000010010022100000000001002929111111111991905051213129990719999000111121113121333121219999992223003560000034
95791112400000000000000000                                99999360807690005588732  5170071890630904181003000810000000030192991221111111211121212112004111992191111999991911119205005000010031121111308800600600010021030070000001001329111111119991904081113299999999999999111131213111122111119999992222015510000306
95791112500000000000000000                                99999260807690008076900 13820071890630901141016009990000000999222991221111111111111111112020191991191191119111111199110000000010022999999900100000009910022100000000001002929299999999911903052913299999999999999111111111112222211221111111123013820000203
95791112600000000000000000                                99999282910710029107100   950071890630901142000019990000000999422991111111111111111111112005119112111111119911999991210000000010021112212900002008000010021100000000001002939111111111191906061113121350909999000111111113111221111119919911123000950000007
95791112700000000000000000                                99999382910710007662708   790071890630904162000020020000000000192991222222222221212111122003191991111991999911999199300010000010021121121109900000100010022000000100001002913111111111911905081113129991809999000111111113333333211119999991222000790000068
95791112800000000000000000                                99999350434210002335777  8690071890630904141008013920080000080422992991211111122111211112009111992111111111111911199210000000010021122222900500500009010012000000100001001329299999999911906061211121759999999000111111129999999111119999991122039587801394
95791112900000000000000000                                99999340208820001702551 30220071890630902141014001800050000060312991211112111222121211111011111993111111119111991199300209800010021222111109500000500010022000000100001002929111111119119905051213111809999999000129121229999999111119999991222038854300612
95791113000000000000000000                                99999120191300001913000 82950071890630901251048009990000090999221111121112111222122211122080111991111111119911991199201009000010021112222909800000200010011000010090001001329111199999919910101113299999999999999111131312111222211111111111123082950001451
95791113100000000000000000                                99999482910710029107100   830071890630901141001019990000000999422991121211111111111111122007119993111911119911911999107003000010022999999900010000000010022020000080001001329111111111911906061213119999990180000111111113311333211219199191223000830000005
95791113200000000000000000                                99999330100000001000000 33100071890630901181017009990030000999212992991112111111121211122006119991111111111111991199201009000010011112111109500300200010022000005095001002913111111999991906081115129999990180000211291113111313211119999991123033100000579
95791113300000000000000000                                99999482910710029107100  1110071890630901142000019990010000999422991211112122211121111122003119992299999999999999999102507500010022999999900000010000010012000050050001002912111111111191906061213129990909999000111111113311333211129999991223001110000001
95791113400000000000000000                                99999271648000016480000  3100071890630901142000029990000000999222992992211122211111111122005191991111991919111991999110000000010022999999900006503500010022000000100001001329111111191111903032913299999999999999129111113311121111219119111223003100000062
95791113500000000000000000                                99999171648000016480000  5940071890630901141002049990000000999322991222112111222122211112015119993111111119911991999201508500010021111112909500000500010011075000025001001329299999999911915152913121809999999000111111111211122211221111111223005940000131
95791113600000000000000000                                99999360807690004129344  3800071890630904141003000300010000010192991211111111111111111122022191992191991911111911999300010000010021121122909900000100010012100000000001001129111999999911910202913119990459999000129292913311333111119199191222003800000102
95791113700000000000000000                                99999360807690003426025  1610071890630905181004000400010000010322992991121112211121211112020111992111111111111991199207502500010011121111109900000100010021010040050001001329111111119911904081112129991809999000111111113111313211219999991122001610000136
95791113800000000000000000                                99999240208820002088200 46630071890630901141034039990000000999322992991221211111211111122015111993111111111111991199105005000010041111111109900000100010022100000000001001329299999999991904042913112709999999000111111129999999111219119111223046630001167
95791113900000000000000000                                99999371648000016480000  2230071890630901141001019990000000999222991121111111211111111112005111193111911911111911119301000009010021122121105005000000010021015075010001001329299999999911904041213119991809999000111111111221222211119199991223002230000101
95791114000000000000000000                                99999371648000001360373  1200071890630906141026003400080000090412992991112111122111211122012191993111111919111911199110000000010021111122900200000009810012100000000001001313111111119111906061113121809999999000129121212112222211119999992222001569201156
95791114100000000000000000                                99999110100000001000000 83890071890630901251123009991660000999222991121122222222222211222026191991111111111111119999100010000010021111212907700002300010012010000090001002929111199999919910102913129999990180000111111113111322221221111111123083890003364
95791114200000000000000000                                99999330100000001000000 42530071890630901141020029990080000999212992991211112111121111112012119993111111119111911999201009000010021111122909500000000510022000100000001001329111111119191910201113111801209999000112291211311122211119199191223042530001291
95791114300000000000000000                                99999482910710004606692   750071890630907141001010510010000010422991221111111111121111122021111991111111119111911199105005000010022999999900000000010010011100000000001001329111999999911906061113129999990180000111121212112122111119999991122002250000204
95791114400000000000000000                                99999440208820003063262 39120071890630904141039023920100000100212991121211111211121211122022111993111111111111911199110000000010021112212900100000009910011000002098001001329111111111911905051213119999990180000111111112212222111129999991222039120001394
95791114500000000000000000                                99999160807690008076900 10090071890630901142001059990010000999222991121222122222122211122015191993111991999911911999200109900010022999999900002008000010012100000000001001329111199119919907072913129993659999000112121211212222211211111111123010090000005
95791114600000000000000000                                99999282910710029107100   890061890531901142000019990000000999422991211212111121111211112009199191111111119111911199202008000010021111222900409500100010022100000000001001329111111111911910101213111609999999000111111113311322211219999991123000890000015
95791114700000000000000000                                99999371648000004987837  2870071890630904121001000130000000000222992991211121111111111111015111991111111119111911199110000000010022999999900000000010010022100000000001001329111111111111906082911123653659999000129121213311222111219999991222011480000136
95791114800000000000000000                                99999371648000004267193  1020071890630904141004000400010000010322991111222222211122211122005111191111111119111991999210000000010021121121108000002000010022100000000001001329111199999991910202913299999999999999129121212221222111219199191222001020000136
95791114900000000000000000                                99999330100000001000000 33680071890630901141015009990010000999192991121121121211121211112007111991111111119111919199200509500010021212112909800000200010022000020080001001129299999999911906061113299999999999999129121213111222211119999991223033680001283
95791115000000000000000000                                99999120191300001913000 65170071890630901251050009990800000999222991111212111222222211121030111991111111111911991199210000000010021122212910000000000010011000100000001001129111199999919910101113299999999999999111111112111222211219119111123065170001355
95791115100000000000000000                                99999282910710029107100   340071890630901142000019990000000999192992991212211111111111122002119991119119119199999999210000000010022999999900000010000010022100000000001001139111111191911903032913129999990180000111111111111222111219199191223000340000000
95791115200000000000000000                                99999360807690008076900 17240071890630901161019009990080002999312991121121111111111111111012111991111111111111991919107003000010021111122903000000007010022085000000151001313111999999911999992913110609991095000129121213311222111121111111223017240000381
95791115300000000000000000                                99999382910710007662708  1550071890630904162000010110000001011422991122222222222222222222003191993191991199999119999303007000010021121121103000007000010022100000000001001129111111111991905081213299999999999999111111112222222111219999992222003100000068
95791115400000000000000000                                99999340208820001376317 34840071890630904141047044740180000180211222991212111122121111111021111992111911119111911199210000000010021121112900109400500010012000099001001001329111991999911906061113121759999999005111111113111312111221119111122034840001734
95791115500000000000000000                                99999371648000002868989  1880071890630904141008010820030000030422991121222221212122112112007111993191111911911991999201009000010021112111106000004000010022000000100001002939111111111119905101113299999999999999129121229999999211219999191222002088900340
95791115600000000000000000                                99999330100000001000000 28650071890630901141019009990030000999312991221212112211122211122016119991111911111911191199100010000010021212121101000000009010022010000090001001339111111919911904041113119999990270001111121211311322111229119991223028650000878
95791115700000000000000000                                99999350434210004002751  4210071890630906141006000600010000020192992991222122211121111122007191993111191919911991999302008000010021112121309000001000010011098000002001001129299999999991910202913129999990180000212121211313333112219199191122004210000204
95791115800000000000000000                                99999240208820002088200 16640071890630901141012069990040000999212992991221122111121211121003191991111911119111911199110000000010021112112900504505000010012000050050001001329111111119111910101113113653650070000111111111111133111219991111223016640000771
95791115900000000000000000                                99999150434210000000000 11610071890630902141008000800020000020222991121112112212222111122005119992111111111111911199210000000010021112122909000001000010011050000050001001313119111111119906062913299999999999999111131312211212211229991191222000000000000
95791116000000000000000000                                99999240208820002088200 40210071890630901141031009990050000999422991221112111222122211122011111991111119119111911199110000000010022999999900000000010010011100000000001001329111111119991906062913119999990180000111111113311122111219119111223040210001548
95791116100000000000000000                                99999271648000016480000  2070071890630901141002019990000000999222991211211122211112111122007111993191999199191991999110000000010021112222900009500500010022000000100001001329111191119191906062913129991809999000111111113312322211219999991123002070000017
95791116200000000000000000                                99999160807690008076900  6640071890630901251007009990100000999322991121122122221221211122012191991111111111111999999201408600010021112212909800000200010012000000100001001329299999999919910102913299999999999999111111111111122111211111112123006640000375
95791116300000000000000000                                99999420191300001913000 97690071890630901141118069990370000999211111121111111111121211112009111191111111111111991999110000000010022999999900010000000010022000000100001001329119119911911910101113129990609999998111111129999999211229999991123097690002603
95791116400000000000000000                                99999130100000001000000 55690071890630901141032029990320000999412992991222111222121211122048191993111111119111911999300509500010021122112900107002900010012100000000001001313111191119919908082913113659999999000111111111222222211211111111123055690000564
95791116500000000000000000                                99999120191300001913000131810071890630901141156009990300000999411111122122111222122211112027111993111111111911191199101009000010021111112903500006500010011000010090001001313299999999911915152913121801800180010111111129999999111121111111223131810002094
95791116600000000000000000                                99999371648000008497822  2800071890630902161005010510040000040322991111121122111121111122009119993111111199191919199110000000010021111111108001500500010012097000003001001111111111999111999991113299999999999999111121212211222111119999991222002800000204
95791116700000000000000000                                99999360807690002305032  3290071890630904142000010240000000000422991121112212222221212122012191993191911119911911199202507500010021111111110000000000010022000000100001002913111111111111910101213121809999999000129131312211222211129111111212019740000204
95791116800000000000000000                                99999340208820002088200 38430071890630901161031009990200000999422991121121111211121211122007191992111111119111119199110000000010021112112900100000009910022000100000001001313111111999991999991123110601209999099112111229999999211121111111223038430000736
95791116900000000000000000                                99999271648000016480000  7950071890630901121004009990000000999422991221122111121111111112007191993111111111111919199110000000010022999999900007003000010022100000000001001339111111911911904042913299999999999999111111113133123211119999991223007950000080
95791117000000000000000000                                99999340208820002088200 25570071890630901141012019990010000999222991121212222211122211112010111993111911911911999991201009000010021212222909500000500010022020000080001001129299999999991907072923299999999999999129121213111122211129999992223025570000759
95791117100000000000000000                                99999440208820002088200   750071890630901141026009990050000999221111121212112211121211122011111193111111199111991119110000000010021121112909900000100010021080000020001001329299999999911906062913110609999999000111291213113333121119999991123000750001558
95791117200000000000000000                                99999260807690008076900 10580071890630901141008009990020000999422992992211222211112211122007191993111111119111999999110000000010022999999900009001000010022000000100001001329111111111111906062913129999990180000111111112211222111129999991223010580000440
95791117300000000000000000                                99999271648000016480000  6250071890630901141005009990000000999322992991211111112111111112013191993111111119111911999110000000010021122222900204005800010012100000000001001329111111999111907072913111201609999000111111113311233211119999991223006250000247
95791117400000000000000000                                99999382910710000000000  1370071890630904141003000300010000010192992992222221211122211122013119992111111111991919919301009000010031122221109800000200010022000020080001001129111999999991906061113129999990270000111131329999999111219199192222000000000000
95791117500000000000000000                                99999282910710029107100  2950071890630901141004009990000000999322991211111111111111111112008111192111111119111991991110000000010021122221300100000009910011100000000001002929119999999911903052913129999990060000111111111112222211129999991123002950000049
95791117600000000000000000                                99999420191300001913000 83850071890630901141100009990250000999211221121122222222121211122002191991111111111111911199110000000010031112122907003000000010022000090010001001313111199999911903031113121809999999998111111113312222111229119112113083850001141
95791117700000000000000000                                99999330100000001000000 21330011901031901141021009990020000999221111111121111211111211122010111993111199911111999999205005000010021112121302007001000010011025025050001001313111119999991904041113119992709999000111131313333333211119119991223021330000684
95791117800000000000000000                                99999110100000001000000164700071890630901141230009990900000999211112991111111211122211122003111191111911111111991919110000000010021122211100209700100010012000100000001002913299999999991907072913119993659999010111111111312222111121111111123164700006009
95791117900000000000000000                                99999382910710005356236   430071890630905142000030030000004004322992992112111211221211121010119991111111111111119999201009000010041121122909900000100010022100000000001002939111111111991910101113299999999999999129292929999999111119119111112000430000102
95791118000000000000000000                                99999360807690005290425 12810071890630903141004000400020000020422991222222111221222211122010111992191111199991191199300509500010021121111109700000300010012000000097031001329111111111191906061123129999990270001129121212211333111119999991222012810000136
95791118100000000000000000                                99999360807690000000000  3490071890630905141002010230010000010192991221212222222122211122003111993111119199911991199100006503510031112111106500000003510012000100000001001313111111111991905101113299999999999999111131329999999211219999992222000000000000
95791118200000000000000000                                99999382910710004236407  1030071890630906122000010260000000000422992991212122221121211112005119991111911111111991199110000000010022999999900000000010010021000100000001001329111111111911906081113123653659999000229121211211222111219999991222008240000272
95791118300000000000000000                                99999271648000016480000  4640071890630901142000049990000000999322992991221111211121211122007111991111111119111999999110000000010021122212900000000010010011100000000001001329111111119111910101223113659990070000111111111112222111219999991223004640000016
95791118400000000000000000                                99999360807690002357368  3880071890630908141002000500000000010422991211221112211222111222020111992111911119111991199310000000010021122121107500002500010022100000000001001329299999999991910202913299999999999999129121212211222211119199191222009700000170
95791118500000000000000000                                99999210100000001000000528430071890630901141713009990500000999222991121111111111111111122150111193111111111111991199110000000010031112222902805200101910012000100000001001313111119999919907072913111609999999000111111112211222111111111111223528430013267
95791118600000000000000000                                99999310100000001000000 67580071890630901161033009990060000999212991212122121221222211122007191993111911119111991199202008000010021112121110000000000010012000000080201001111111111111111905081113299999999999999111121313311333111119999991223067580001154
95791118700000000000000000                                99999130100000001000000 50220071890630901251041009990960000999212991121112111222222211122040191993111111119111191999100109900010011111212909000001000010012100000000001002913111199999919910101213299999999999999111111113111222211221191191123050220001990
95791118800000000000000000                                99999371648000006376496  2710071890630904141003000300010000010192992992222221211122211122013119992111111111991919919301009000010031122221109800000200010022000020080001001129111999999991906061113129999990270000111131329999999111219199192222002710000102
95791118900000000000000000                                99999371648000000000000  1420071890630904181002000200000000000322991211221122211121212122004191992111119111911919999103007000010021112111109500000500010012000025075001001329111191119991904081113129991809999000111111111313133111219999991122000000000000
95791119000000000000000000                                99999120191300001913000 61020071890630901141030009990000000999191221121122111211222211122030111993111111111911999999200010000010031111111110000000000010022050000050001001329299999999919912121123119993659999000112131311111222111119119111223061020000069
95791119100000000000000000                                99999182910710029107100  2840071890630901142000019990000001999422991221121122222121211112009111991111111119991911999100009500510032999999900010000000010022000000100001001329111999999991907072923299999999999999111111113313333211111111111123002840000001
95791119200000000000000000                                99999371648000004371517  3540071890630905141007000700000000000222991211121211111121211122005199192191111119911911999301009000010011222211110000000000010012100000000001002911299999999991906062922299999999999999129291212111212221229999991222003540000238
95791119300000000000000000                                99999160807690008076900 22230071890630901141009049990050001999421222991222121222122211112030191192111111111111991999202008000010042999999900000010000010011100000000001002939111111999911907072911123659999999002111111113312222211111111111123022230000117
95791119400000000000000000                                99999282910710029107100   550071890630901142000019990000000999422991221212112211111211122002119991111111111111911119105005000010022999999900001009000010021000000100001001313111111111911906062913119999990180000111121211111222111219199191223000550000007
95791119500000000000000000                                99999420191300001913000 64730071890630901141086009990360000999312991121111111211121211112010191193111111119191911199110000000010021112122900109800100010022000001099001001339119999999919910101113129990609999000111291113112122211119999991123064730000879
95791119600000000000000000                                99999140208820002088200 55880071890630901251034009990630000999422991121222121222222211222054111991111111919911991199100509500010021122112909500000500010012000005065301001313111111919919912202913119991209999000111111113111112111111111111123055880001387
95791119700000000000000000                                99999371648000006901672  3090071890630903141002000700000000000222991211212222111121211112008119992111111111111991999301009000010021222211109800000200010022025000075001002913299999999991906062923299999999999999129291213111122211119999991222010815000238
95791119800000000000000000                                99999360807690004304959 10650071890630902141004000700000000000192992991121122211121211112008119993111111111911911199300010000010021212211109900000100010021000010090001001339111111999991906061112299999999999999129121212111333211119999991222018637500238
95791119900000000000000000                                99999210100000001000000212280071890630901141150009990120000999211111121221111122121211122043111992111111119111991199110000000010022999999900000000010010011000000100001001329111111111911905051111111809999999000111131313133333211111191191123212280010354
95791120000000000000000000                                99999250434210004342100 23570071890630901141023029990070000999422991221211211111112111112014191992111111919911999199110000000010021112122900509500000010012100000000001002929299999999911903052913119999990060000111111113113133111121111111123023570000360
95791120100000000000000000                                99999410100000001000000143890071890630901141132009990000000999222991211211112111111211112029111192191111111991911199110000000010022999999900000000010010011100000000001002929119111911911906061211119990909999006111291212122222111211111111123143890004190
95791120200000000000000000                                99999260807690008076900 21470071890630901141017009990030000999322992991111112211112111112014111993111911919911991999310000000010021122111109800000200010011020000080001001329111111119991904042913122702709999000111131312222222111219119111223021470000268
95791120300000000000000000                                99999310100000001000000 81510071890630901141095009990120000999211111121212121222122211111012191192111191111111191199110000000010021121212900100000009910012000099001001002929111119999991906061113111759999999005129291313111222121219999991123081510008796
95791120400000000000000000                                99999320191300001913000 81850071890630901141080029990140000999312991121112111122122211112039111992111111119111991199110000000010021122222900100000009910011000100000001001313111999999991906061113121759999999000111121211113112111119999991123081850007173
95791120500000000000000000                                99999220191300001913000100880071890630901141047009990070000999222991222211122211112211122070191993111111919911911999310000000010021112122902005003000010012000000100001001329111191919991906062913119991809999005111111113331332111219999991223100880002546
95791120600000000000000000                                99999310100000001000000181350071890630901141237049990260000999212991221111111111121111112026111991111111111111911999110000000010021111211100100000009910012000099001001001313119191999991906061113121759990175998129121213111322111219999991123181350017299
95791120700000000000000000                                99999371648000016480000  4610071890630901141004009990000000999322992991222122212122211112004111991111111119111911999105005000010021222121110000000000010022050000050001001329111119999911904041113119999990270000111131329999999211219119991223004610000077
95791120800000000000000000                                99999110100000001000000132080071890630901141138009990510000999321111121112111122121211112023111991111111111111991199101009000010021111111109500000500010022001001098001001313299999999911915152913129991809999005111111112111122111121111111223132080002167
95791120900000000000000000                                99999250434210004342100 25340071890630901141023009990000000999421111121111221211112111222014111993111111119191999999110000000010021111122900100000009910012100000000001002929299999999911903052913129990900060001129121213113333211121111111123025340000380
95791121000000000000000000                                99999350434210003480675 11800071890630902141005000510010000010422991221112222212122211122018111993111111119911991999201009000010021122111109500000500010012100000000001001129111111999919905102913299999999999999129121229999999211119999991222014160000204
95791121100000000000000000                                99999350434210004342100 22680071890630901141021009990110000999322992991112111212121211122017119993111111111111911119110000000010021121121109900000100010011001000099001001129111111119991910101113111809999999000129291311222222111129119111223022680000733
95791121200000000000000000                                99999260807690008076900 17210071890630901141007009990010000999192991221211221111111211122010111991111111119111999119110000000010021111211306000004000010012100000000001001129111999999911907072913119999990160000129111113312122211119999991223017210000468
95791121300000000000000000                                99999330100000001000000 53170071890630901161072009990000000999222991211112111211221211122008111992111111111111911999110000000010021111112900501008500010012000100000001001339111111999991912122912129991209999000129121229999999211111111111123053170002476
95791121400000000000000000                                99999120191300001913000 70030071890630901141068049990100000999411211222122111222121211122014111993111111111111911999101009000010021111212906000004000010011025075000001001329111119999911915152913121801809999025111111111112222121221111111223070030001214
95791121500000000000000000                                99999430100000001000000 39390071890630902141039004000000000000212991121221111211121211112008111991111111119111111999105504500010031112122900100000009910011100000000001002913111919999911905051113129999990180000111111212212222111219999991122040400001360
95791121600000000000000000                                99999140208820002088200 46280071890630901251043009990750000999222991121122121222222211122018191191111111111111111999300010000010011121211109500000000510012000000095051002929119199999119912201213299999999999999111121211111212121211111111123046280001080
95791121700000000000000000                                99999271648000016480000  6330071890630901141005009990000000999322991121111111111121211111005199191111111111111991199110000000010022999999900005005000010011000000100001001329111111111911905051213111809990180000111111111322212211229199991123006330000122
95791121800000000000000000                                99999150434210004342100 39760071890630901251023009990430000999212991121122111121221211122042191991111111111111991199202008000010021112112910000000000010022000100000001001313111111111919912202913299999999999999111121113111212211219119111123039760000485
95791121900000000000000000                                99999340208820002088200 17250071890630901141009009990160000999222991211221121211221111122011119991111111111111911199210000000010021111121109500000500010022000000100001001329111999999991910202913299999999999999129121211331133122219119111223017250001166
95791122000000000000000000                                99999450434210004342100 13620071890630901141011009990020000999422991221222111222121211122020191193111111919111911199110000000010021112222900000000010010022025075000001002929299999999991905051213129999990180000111121213113333211219999991123013620000388
95791122100000000000000000                                99999382910710010654720   870071890630902141003000300010000010411111211112122121121111122007119991111111199199919999109001000010021121122909800100100010012100000000001001329111111119991910101113299999999999999129291311222222211119199191222000870000102
95791122200000000000000000                                99999350434210000000000 15060071890630904141042034230090000090322991221212111122121211111014111192191111119111111199200209800010021122222900100000009910022100000000001001129111111119991906061213121759999999000111131313112333111119999991122000000000000
95791122300000000000000000                                99999471648000007943390  3140071890630903141004000400020000020422991221212111212121211112009191991111111119911919199110000000010022999999900002008000010022010000090001001139111111111111905051213129999990180000111111113331222221219999991112003140000136
95791122400000000000000000                                99999371648000004487669  2130071890630905141003000300010000010322991211222122222122111221008199193111991911111999991307502500010031121212910000000000010011100000000001001329111119999111910202912299999999999999129292911111122111119119111222002130000102
95791122500000000000000000                                99999310100000001000000 61360071890630901141050009990080000999422991211211111111111111121020111992111111111111911999210000000010022999999900000000010010011000000100001001313111999999191905051213299999999999999111291113311122211129999992223061360004228
95791122600000000000000000                                99999360807690006370034  5100071890630902141006010610020000020322992991111121111111211122016111992111111119111911999310000000010022999999900000000010010021100000000001001129111111191911906061113299999999999999129111113312212111219999991112005100000238
95791122700000000000000000                                99999360807690006376496  7620071890630904141003000300010001011222991122222122222122211122004191992111991919991191999301009000010031111112909800000200010021000000100001001111111111119911906061113129999990270000111121313212222221219999991212007620000102
95791122800000000000000000                                99999482910710029107100  4330071890630901142004019990000000999422992991111111111111111121008191993111111119111991199110000000010022999999900002507500010022000000100001001139111111111191908081213129999990120000111111113311111111129999991223004330000040
95791122900000000000000000                                99999330100000001000000 22000071890630901141020009990070000999192992991222122211121111122008119993111111111111991199200010000010021112211108000002000010022000000100001001329111111111991910201213129999990090000129291212111312211119119111223022000001291
95791123000000000000000000                                99999310100000001000000 75140071890630901141139069990100000999211111121111122211122211111010191193111111111911111119201009000010021112112902302605100010012000023077001001329111111111919904042913129999990180000111111113111333221229999991223075140002975
95791123100000000000000000                                99999360807690002403680  4600071890630904141002000900000000010192991221221122211122211122010119993111111919911911991200009001010021212112909500000500010012000001099001001111111999999191906061123299999999999999129121212111112211129999991222020700000306
95791123200000000000000000                                99999171648000016480000  3500071890630901122001019990000000999322991122222122211222212122016111992111111111111911199301504504010021111212910000000000010022100000000001002913111111111919903031123119992709999000111111112222222111129999991223003500000043
95791123300000000000000000                                99999360807690008076900  5190071890630901142001049990000000999322992991112121122111111112012111991299999999999999991301003006010011212111101006003000010022100000000001002913299999999911902061113299999999999999111111129999999111219999992223005190000048
95791123400000000000000000                                99999371648000003170785  1580071890630907141017001700050000050411122991212111122111211112025191992111111919911991999208501500010021121212900300000009710012000100000001001329111999999991906061213121809999999002111111112112222111119999991122001580000578
95791123500000000000000000                                99999371648000014807940  2540071890630902162000010010000000000192991222222222222222212122008191993111111111111991999201009000010021121111109900100000010022000100000001001329111111111991905081113299999999999999111121213333133211219999992112002540000034
95791123600000000000000000                                99999471648000016480000 20750071890630901141025009990100000999212991121111111222222212122017191193111111911111991199210000000010021112222900009800200010022000000100001001329111999999991910101113129999990060000111111111111133111229999991223020750000408
95791123700000000000000000                                99999371648000006376496  6140071890630904141005000500000000000192991221211111211122211112017119993111111111911911199300109900010021212111109800100100010022000000095051001139111999999911906062912299999999999999129291213122222111129999991222006140000170
95791123800000000000000000                                99999282910710029107100  1770071890630901141002009990000000999422991221111122211121211122010199192191991919111991999109000001010022999999900003007000010021000000100001001329111191111111905051213111809999999000111111129999999211229999991123001770000022
95791123900000000000000000                                99999271648000016480000  3570071890630901142000039990000000999321222991121122111111111112008119991191111119111111199202502505010021121111110000000000010022100000000001002929111111111191904042913112709999999000112111212222221211111111111223003570000079
95791124000000000000000000                                99999460807690008076900 11640071890630901141009019990010000999322991121211221111111111122006191992111999119111991999110000000010022999999900000100009910012100000000001001329111111111991906061213129999990180001111111129999999211111991191223011640000082
95791124100000000000000000                                99999120191300001913000 68750071890630901141031009990330000999222991121112111222121211112050111993191111119111911999300509500010022999999900007502500010021100000000001001313299999999991907072913111801809999005111121113111122112211111111123068750001023
95791124200000000000000000                                99999220191300001913000 79190071890630901141067069990070000999422992991111122211121211122015191991111111111111999999110000000010021112112900309700000010012000100000001001329111111111111910101113123659990070005111111129999999111129999991223079190001713
95791124300000000000000000                                99999350434210003795376  9700071890630902181005000600010000010222991112211111211122211112010191993111111119911991199202008000010021111111109800100100010012000000090101001129111199119991904082913111809999999003111291113111312111119999991122011640000204
95791124400000000000000000                                99999350434210006370034 17890071890630902141011001200040000040222992992222222222222211122030119991111111119111991199110000000010021121121109900000100010012005000095001001329111111119991910101215299999999999999129121211331332111219119111222019516400408
95791124500000000000000000                                99999360807690008076900  8000071890630901141005009990010000999322992991111111111111111122008119991111111111111911199210000000010021121121109200000800010011100000000001001329111111111191910101113299999999999999111111113331333111111111111223008000000262
95791124600000000000000000                                99999320191300001913000 67910071890630901161024009990020000999222991121221222212121111122029119991111111111111911199110000000010021121111100200000009810022000000052481001329111199999991906062911299999999999999111111311221222111119999991223067910001481
95791124700000000000000000                                99999382910710006235406  1250071890630905141002000200010000010422991122222222222222211122015111991111111111111911199200509500010021121222909900000100010012100000000001001129111111119991910101113299999999999999111292911221222111119119991222001250000068
95791124800000000000000000                                99999282910710029107100  1690071890630901142000019990000000999422991221112112222111111112010111991111111119911911199110000000010022999999900010000000010022100000000001001139111111111191906062923119999990180000111111113111133111219199191223001690000017
95791124900000000000000000                                99999382910710007662708  1130071890630904162000020020000001001192991222222222222222112222009191992111911999111911919300509000510011111121109900100000010021000005095001001329111111111111905081213299999999999999111292913331333211219999992222001130000068
95791125000000000000000000                                99999110100000001000000231430071890630901141475009991300000999212991221212121222222211112010111993111111111111911119110000000010021111112908500001500010012000001099001002913299999999911910102913121829999999125111111212212122221221111111223231430007816
95791125100000000000000000                                99999282910710029107100   830071890630901142000029990000000999422991121111122111111211112003119992111991999199999999100509500010032999999900005005000010022000000100001002939111999999991906062913299999999999999111111113311331112229999991123000830000000
95791125200000000000000000                                99999382910710010043480  1450071890630903141001000100000000000192992991122122211222211122006119993191911999111991999300109900010041121122909900000100010021100000000001001329299999999991910101213299999999999999129292913333333121129119111222001450000034
95791125300000000000000000                                99999210100000001000000143080071890630901141137009990070000999222991211111122111211111122066111991191911111111991199200509500010021111111109900000100010012025000075001001339299999999911902022913112709999999012211111129999999211229199191213143080006321
95791125400000000000000000                                99999330100000001000000 61150071890630902141077008700200000210211112991212111122122211112014111992111911911111911199110000000010021122112900100100009810022000070030001001313111111119911906061113121959999999003111111213111312111219999991122069091602958
95791125500000000000000000                                99999260807690008076900 12650071890630901141007049990020000999422991221221222111212211222013119994111111119191991919110000000010021111112908500001500010012100000000001001339111111111991904042913112702709999000112121211312132111229119111123012650000202
95791125600000000000000000                                99999240208820002088200 51400071890630901141016009990020000999312991121111222211212211222026119991191191119911991199300502507010021112121109500000500010012000000100001001313299999999991904042913110909999999000111111113311322111119119111223051400001259
95791125700000000000000000                                99999440208820002088200 22140071890630901141025009990030000999422992991211222211222212222020199193111111919111991199210000000010021121112909900000000110022100000000001001329299999999991906062913119990609999000129291213111222211119999991123022140001107
95791125800000000000000000                                99999350434210004342100 10840071890630901141012009990010000999311222991111111211121211112006111991111111119911911999101009000010041212121109800000000210012010000090001001329111119999991904041113119999990270000111291113311132111119919991223010840000448
95791125900000000000000000                                99999460807690008076900  4840071890630901141005019990000000999422991221111111211122211121009199192111111119111911119110000000010021121112909900000100010022050000050001001329111111111191906062913110609999999000129131313112232111219999991123004840000266
95791126000000000000000000                                99999310100000001000000185470071890630901141175009990540000999222992991212122121112111112025111991111111111111991199200000010010021121111107500002500010011000100000001001329299999999911910101113299999999999999111121213311222222219119111113185470009009
95791126100000000000000000                                99999282910710029107100   400071890630901142000029990000000999421111111111111111111111111004119993111111119111111911108001500510021111211200006004000010011000000100001001329111111111111903032913121811809999000111131111211132111111119911113000400000006
95791126200000000000000000                                99999330100000001000000 31500071890630902141028032830150000150412991221122121212122211122009191193111111119111111199300109900010021112121105000005000010011000000100001001329111111111119905051113299999999999999129121212211222111119999991222031500001054
95791126300000000000000000                                99999340208820001569133 39580071890630903141047005400120000130212992991112111122121211112023111992111111111111991199110000000010021112121100509500000010011010000090001001329111999999911906061113121809999999002111111312113333111229999991122045474901836
95791126400000000000000000                                99999420191300001913000 72000071890630901141034009990090000999212991111212111222121211112014191992111111119111911199104006000010022999999900000000010010012000000100001001313299999999919910102913299999999999999111131311313322211119919911223072000000760
95791126500000000000000000                                99999210100000001000000 93810071890630901141067009990100000999222992991112121122211111222033111991111111111911991999104006000010011121111109500000500010022040000060001002913299999999991904042913112709999999005112111112211122121219119111223093810002771
95791126600000000000000000                                99999330100000001000000 51730071890630902141027002700060000060212991221211111111111111122014191992111111111111911999110000000010021112212900010000000010012000000100001002929299999999911909091113129999990180000111292911311333122219999991222051730000918
95791126700000000000000000                                99999430100000001000000 63130071890630901141071009990260000999312991121111111111111111112038111191111111111111911199210000000010021111212900901807300010012009000091001001329299999999911904041113129999990060000111111312221122211219199191223063130002179
95791126800000000000000000                                99999150434210004304959  4780071890630902141008000800020000020222991121112112212122211112010119992111111111111911199210000000010021112122909000001000010011050000050001001313119111111119906062913299999999999999111131312211212211229991191222004780000272
95791126900000000000000000                                99999340208820001524072 38830071890630902141052007500060000080212992991212111122121211112016191991111111119111911199100010000010021121211300100000009910022000000100001001329111999999991906061113121759990015000111111113113333111219999991122056004802550
95791127000000000000000000                                99999430100000001000000 49310071890630901141060009990040000999222991121112121222121211122006191991111111119111911199110000000010021112111109500100400010012000000100001001329111111111991903051213129991809999008111111113112122111219999991223049310001421
95791127100000000000000000                                99999310100000001000000 68930071890630901141040009990020000999211111221222121222122211112002111993111111111111911999100010000010021122212904001005000010012100000000001001129111111111919905102912129991809999000111111211331333211129999991223068930001426
95791127200000000000000000                                99999340208820002933931 43530071890630903141030013010040000040212991121122122222122211112005191192299999999999999999210000000010021112111109000001000010012080000020001002929111111991919906061113299999999999999129111112112222111129199191222043530001054
95791127300000000000000000                                99999471648000010043480  2140071890630903141003000700000000020422991221212122222222211122007191992111111111111911199209500500010031112122908501500000010022005000095001001329119111911991903052913129999990180003111111113313333211219999991222004993300238
95791127400000000000000000                                99999360807690008076900  4500071890630901141003019990010000999312992991112121121122111122005119991191111199111911999108002000010021111122909000001000010021000100000001001329299999999911910102913299999999999999129121212211222211221111111223004500000190
95791127500000000000000000                                99999340208820001319035 18690071890630903141020005300030000060412992991212111122111211111026191992111111919111991199109400100510021121221300100000009910021100000000001001339299999999991906062913121809999999002129291213113333111119119111222049528501802
95791127600000000000000000                                99999482910710029107100   780071890630901291003039990000000999422992991211121211122211122010191193111111119111111999107502500010021111122909000001000010011040000060001001329111111999991906101213121201200120000111111112112112111119119111123000780000015
95791127700000000000000000                                99999282910710029107100  2170071890630901142000019990000000999192991212111122211111111122005191991111191199911919999110000000010021122212900004006000010022000000100001001329111111119911906062913129999991095000129292913311321111229999991223002170000003
95791127800000000000000000                                99999150434210004342100 19530071890630901141005039990010000999422991121122122222122211122025111993111111919911191999302008000010022999999900005005000010012100000000001001313111111111191907072913113659999999001111111113113333211211111111123019530000145
95791127900000000000000000                                99999371648000004717659  5650071890630903141002020220010000010222991211112111222122211112007111193111111119911991999200509500010021122111110000000000010022100000000001002939111111919119905051213299999999999999129291229999999111219999992222005650000136
95791128000000000000000000                                99999382910710014807940  2670071890630902162000010010000000000192991122222122221222211122006191992111111199191191999200000010010021121121110000000000010011098000002001001311111111111191905081113299999999999999111121212111222211219999991222002670000034
95791128100000000000000000                                99999371648000010043480  1350071890630903141001000700000000020422992991211222211121111122010199192191911999191919999110000000010022999999900000000010010021100000000001001112111919999991905051111299999999999999111111113311332111229999991222009450000238
95791128200000000000000000                                99999271648000016480000  8200071890630901141009009990000000999322991121112122122111112112004191191111111119911111199105000005010021111222900903905200010011010000090001001129111111119991910102913129991809999000111111113313333111219919991223008200000308
95791128300000000000000000                                99999360807690005587019  5890071890630904141003000300010000010422991112222222222222222122002191992111119199111199991300010000010021111211109900000100010012000001099001001111299999999911906061113129999990270000111121311311133111119999991222005890000102
95791128400000000000000000                                99999340208820000000000 17060071890630904141008020820030000030422991121222221212122112112024111993191111911911991999201009000010021112111106000004000010022000000100001002939111111111119905101113299999999999999129121229999999211219999191222000000000000
95791128500000000000000000                                99999140208820002088200 49990071890630901251050009990700000999221111121112122122222222221028191991111111119111191199201009000010021121212907000003000010011000100000001001329299999999919912202913111200609999000111111112111122211111111112123049990001861
95791128600000000000000000                                99999140208820002088200 46150071890630901141040039990090000999312991112212122222122211122020119993111191119911999999101009000010031112112905500504000010011000015085001001329299999999991915152913121809999999000111111113311322212229119111223046150000940
95791128700000000000000000                                99999310100000001000000 67350071890630903141075008210240000240311112991112111122121211112011111993111111111111911999110000000010021112212900100000009910012100000000001001313199999999191906061113121809999999000111121212112222111219999991222074534002822
95791128800000000000000000                                99999482910710014807940   150071890630902141002000200010000010322992991211111211121211122003111991111111119911991999110000000010022999999900000010000010022000000100001001129299999999911906062913129999990180000111121229999999211229999991122000150000068
95791128900000000000000000                                99999260807690008076900  2020071890630901142000029990000000999192992991121122211122211112006111991111111111111911999110000000010021122212900100000009910022100000000001001329111111111991910101113113659990070000111121213113311111129999991223002020000041
95791129000000000000000000                                99999282910710029107100  1120071890630901141001009990000000999422992991111122211111211122003111993111111191911911199110000000010022999999900000000010010022100000000001001329111111111991907072913129991609999000111291113322222211219999991223001120000010
95791129100000000000000000                                99999460807690008076900  9550071890630901141015009990020000999322991121111112111111111112013199193111111119111911199103306700010021111111109500300200010011010000090001001312111111111119906061213111509990090002111111111111222111219999991123009550000501
95791129200000000000000000                                99999120191300001913000 81730071890630901281019009990090000999212992992122111222122211112007191993191111119111991999202207800010022999999900000200009810022000000100001001313111111199991906062923113609990030000111111113312322211229119111223081730002222
95791129300000000000000000                                99999310100000001000000 64080071890630901141045009990190000999192991211222122211222111122010191193111111111911911119300010000010021111111109900100000010022000000100001001313299999999911910201113129991209999010129292913111322221211111111223064080005102
95791129400000000000000000                                99999330100000001000000 27850071890630904141042034230090000090322991221212111122121211111014111192191111119111111199200209800010021122222900100000009910022100000000001001129111111119991906061213121759999999000111131313112333111119999991122027850001530
95791129500000000000000000                                99999250434210004342100 41940071890630901141029009990030000999311111221212111121111111111010111993111119119111991999110000000010031111212906000004000010022100000000001001329299999999991906062923129991809999000111111129999999211219999991123041940000634
95791129600000000000000000                                99999282910710029107100   340071890630901142000019990000000999192991211212122221121111122003119992191191111111999999110000000010022999999900000000010010022000020080001001329111111119991903032913299999999999999111291329999999111129199191123000340000001
95791129700000000000000000                                99999282910710029107100  2410071890630901142000039990000000999422992991221111111121211122007199191191191119991991199110000000010022999999900010000000010012100000000001001139111111111111910102913121809999999000111111113333133112229199991223002410000045
95791129800000000000000000                                99999282910710029107100   430071890630901142000019990000000999422991211111111111111111112005199193111111119111911119110000000010021122212900007502500010022000000100001001329111111111911906061213299999999999999111131313331332111111191191223000430000002
95791129900000000000000000                                99999382910710003800190   850071890630907141003000300010000010422991212222222222212211122004191992111991911111991999300010000010031111211109800000200010022000020080001001329111111111911906061113129999990270000111131211221222111119999191222000850000102
95791130000000000000000000                                99999340208820001881983 18980071890630905141048004800120000120412991221222111222121211122038111192111111119111191199210000000010021122212900200000009810011010000090001001329111999999911906061113121759990060000129111113112212111229999991122018980001632
